0
0
-3
6
2
-38
86
-95
32
3193
8506
13351
17794
21916
25441
28348
30561
32020
32690
32556
31620
29905
27454
24327
20601
16368
11731
6806
1713
-3422
-8473
-13315
-17829
-21904
-25440
-28350
-30561
-32020
-32690
-32556
-31620
-29905
-27454
-24327
-20601
-16368
-11731
-6806
-1713
3422
8473
13315
17829
21904
25440
28350
30561
32020
32690
32556
31620
29905
27454
24327
20601
16368
11731
6806
1713
-3422
-8473
-13315
-17829
-21904
-25440
-28350
-30561
-32020
-32690
-32556
-31620
-29905
-27454
-24327
-20601
-16368
-11731
-6806
-1713
3422
8473
13315
17829
21904
25440
28350
30561
32020
32690
32556
31620
29905
27454
24327
20601
16368
11731
6806
1713
-3422
-8473
-13315
-17829
-21904
-25440
-28350
-30561
-32020
-32690
-32556
-31620
-29905
-27454
-24327
-20601
-16368
-11731
-6806
-1713
3422
8473
13315
17829
21904
25440
28350
30561
32020
32690
32556
31620
29905
27454
24327
20601
16368
11731
6806
1713
-3422
-8473
-13315
-17829
-21904
-25440
-28350
-30561
-32020
-32690
-32556
-31620
-29905
-27454
-24327
-20601
-16368
-11731
-6806
-1713
3422
8473
13315
17829
21904
25440
28350
30561
32020
32690
32556
31620
29905
27454
24327
20601
16368
11731
6806
1713
-3422
-8473
-13315
-17829
-21904
-25440
-28350
-30561
-32020
-32690
-32556
-31620
-29905
-27454
-24327
-20601
-16368
-11731
-6806
-1713
3422
8473
13315
17829
21904
25440
28350
30561
32020
32690
32556
31620
29905
27454
24327
20601
16368
11731
6806
1713
-3422
-8473
-13315
-17829
-21904
-25440
-28350
-30561
-32020
-32690
-32556
-31620
-29905
-27454
-24327
-20601
-16368
-11731
-6806
-1713
3422
8473
13315
17829
21904
25440
28350
30561
32020
32690
32556
31620
29905
27454
24327
20601
16368
11731
6806
1713
-3422
-8473
-13315
-17829
-21904
-25440
-28350
-30561
-32020
-32690
-32556
-31620
-29905
-27454
-24327
-20601
-16368
-11731
-6806
-1713
3422
8473
13315
17829
21904
25440
28350
30561
32020
32690
32556
31620
29905
27454
24327
20601
16368
11731
6806
1713
-3422
-8473
-13315
-17829
-21904
-25440
-28350
-30561
-32020
-32690
-32556
-31620
-29905
-27454
-24327
-20601
-16368
-11731
-6806
-1713
3422
8473
13315
17829
21904
25440
28350
30561
32020
32690
32556
31620
29905
27454
24327
20601
16368
11731
6806
1713
-3422
-8473
-13315
-17829
-21904
-25440
-28350
-30561
-32020
-32690
-32556
-31620
-29905
-27454
-24327
-20601
-16368
-11731
-6806
-1713
3422
8473
13315
17829
21904
25440
28350
30561
32020
32690
32556
31620
29905
27454
24327
20601
16368
11731
6806
1713
-3422
-8473
-13315
-17829
-21904
-25440
-28350
-30561
-32020
-32690
-32556
-31620
-29905
-27454
-24327
-20601
-16368
-11731
-6806
-1713
3422
8473
13315
17829
21904
25440
28350
30561
32020
32690
32556
31620
29905
27454
24327
20601
16368
11731
6806
1713
-3422
-8473
-13315
-17829
-21904
-25440
-28350
-30561
-32020
-32690
-32556
-31620
-29905
-27454
-24327
-20601
-16368
-11731
-6806
-1713
3422
8473
13315
17829
21904
25440
28350
30561
32020
32690
32556
31620
29905
27454
24327
20601
16368
11731
6806
1713
-3422
-8473
-13315
-17829
-21904
-25440
-28350
-30561
-32020
-32690
-32556
-31620
-29905
-27454
-24327
-20601
-16368
-11731
-6806
-1713
3422
8473
13315
17829
21904
25440
28350
30561
32020
32690
32556
31620
29905
27454
24327
20601
16368
11731
6806
1713
-3422
-8473
-13315
-17829
-21904
-25440
-28350
-30561
-32020
-32690
-32556
-31620
-29905
-27454
-24327
-20601
-16368
-11731
-6806
-1713
3422
8473
13315
17829
21904
25440
28350
30561
32020
32690
32556
31620
29905
27454
24327
20601
16368
11731
6806
1713
-3422
-8473
-13315
-17829
-21904
-25440
-28350
-30561
-32020
-32690
-32556
-31620
-29905
-27454
-24327
-20601
-16368
-11731
-6806
-1713
3422
8473
13315
17829
21904
25440
28350
30561
32020
32690
32556
31620
29905
27454
24327
20601
16368
11731
6806
1713
-3422
-8473
-13315
-17829
-21904
-25440
-28350
-30561
-32020
-32690
-32556
-31620
-29905
-27454
-24327
-20601
-16368
-11731
-6806
-1713
3422
8473
13315
17829
21904
25440
28350
30561
32020
32690
32556
31620
29905
27454
24327
20601
16368
11731
6806
1713
-3422
-8473
-13315
-17829
-21904
-25440
-28350
-30561
-32020
-32690
-32556
-31620
-29905
-27454
-24327
-20601
-16368
-11731
-6806
-1713
3422
8473
13315
17829
21904
25440
28350
30561
32020
32690
32556
31620
29905
27454
24327
20601
16368
11731
6806
1713
-3422
-8473
-13315
-17829
-21904
-25440
-28350
-30561
-32020
-32690
-32556
-31620
-29905
-27454
-24327
-20601
-16368
-11731
-6806
-1713
3422
8473
13315
17829
21904
25440
28350
30561
32020
32690
32556
31620
29905
27454
24327
20601
16368
11731
6806
1713
-3422
-8473
-13315
-17829
-21904
-25440
-28350
-30561
-32020
-32690
-32556
-31620
-29905
-27454
-24327
-20601
-16368
-11731
-6806
-1713
3422
8473
13315
17829
21904
25440
28350
30561
32020
32690
32556
31620
29905
27454
24327
20601
16368
11731
6806
1713
-3422
-8473
-13315
-17829
-21904
-25440
-28350
-30561
-32020
-32690
-32556
-31620
-29905
-27454
-24327
-20601
-16368
-11731
-6806
-1713
3422
8473
13315
17829
21904
25440
28350
30561
32020
32690
32556
31620
29905
27454
24327
20601
16368
11731
6806
1713
-3422
-8473
-13315
-17829
-21904
-25440
-28350
-30561
-32020
-32690
-32556
