0
1713
3422
5121
6806
8473
10116
11731
13315
14861
16368
17829
19241
20601
21904
23147
24327
25440
26483
27454
28350
29167
29905
30561
31133
31620
32020
32332
32556
32690
32735
32690
32556
32332
32020
31620
31133
30561
29905
29167
28350
27454
26483
25440
24327
23147
21904
20601
19241
17829
16368
14861
13315
11731
10116
8473
6806
5121
3422
1713
0
-1713
-3422
-5121
-6806
-8473
-10116
-11731
-13315
-14861
-16368
-17829
-19241
-20601
-21904
-23147
-24327
-25440
-26483
-27454
-28350
-29167
-29905
-30561
-31133
-31620
-32020
-32332
-32556
-32690
-32735
-32690
-32556
-32332
-32020
-31620
-31133
-30561
-29905
-29167
-28350
-27454
-26483
-25440
-24327
-23147
-21904
-20601
-19241
-17829
-16368
-14861
-13315
-11731
-10116
-8473
-6806
-5121
-3422
-1713
0
1713
3422
5121
6806
8473
10116
11731
13315
14861
16368
17829
19241
20601
21904
23147
24327
25440
26483
27454
28350
29167
29905
30561
31133
31620
32020
32332
32556
32690
32735
32690
32556
32332
32020
31620
31133
30561
29905
29167
28350
27454
26483
25440
24327
23147
21904
20601
19241
17829
16368
14861
13315
11731
10116
8473
6806
5121
3422
1713
0
-1713
-3422
-5121
-6806
-8473
-10116
-11731
-13315
-14861
-16368
-17829
-19241
-20601
-21904
-23147
-24327
-25440
-26483
-27454
-28350
-29167
-29905
-30561
-31133
-31620
-32020
-32332
-32556
-32690
-32735
-32690
-32556
-32332
-32020
-31620
-31133
-30561
-29905
-29167
-28350
-27454
-26483
-25440
-24327
-23147
-21904
-20601
-19241
-17829
-16368
-14861
-13315
-11731
-10116
-8473
-6806
-5121
-3422
-1713
0
1713
3422
5121
6806
8473
10116
11731
13315
14861
16368
17829
19241
20601
21904
23147
24327
25440
26483
27454
28350
29167
29905
30561
31133
31620
32020
32332
32556
32690
32735
32690
32556
32332
32020
31620
31133
30561
29905
29167
28350
27454
26483
25440
24327
23147
21904
20601
19241
17829
16368
14861
13315
11731
10116
8473
6806
5121
3422
1713
0
-1713
-3422
-5121
-6806
-8473
-10116
-11731
-13315
-14861
-16368
-17829
-19241
-20601
-21904
-23147
-24327
-25440
-26483
-27454
-28350
-29167
-29905
-30561
-31133
-31620
-32020
-32332
-32556
-32690
-32735
-32690
-32556
-32332
-32020
-31620
-31133
-30561
-29905
-29167
-28350
-27454
-26483
-25440
-24327
-23147
-21904
-20601
-19241
-17829
-16368
-14861
-13315
-11731
-10116
-8473
-6806
-5121
-3422
-1713
0
1713
3422
5121
6806
8473
10116
11731
13315
14861
16368
17829
19241
20601
21904
23147
24327
25440
26483
27454
28350
29167
29905
30561
31133
31620
32020
32332
32556
32690
32735
32690
32556
32332
32020
31620
31133
30561
29905
29167
28350
27454
26483
25440
24327
23147
21904
20601
19241
17829
16368
14861
13315
11731
10116
8473
6806
5121
3422
1713
0
-1713
-3422
-5121
-6806
-8473
-10116
-11731
-13315
-14861
-16368
-17829
-19241
-20601
-21904
-23147
-24327
-25440
-26483
-27454
-28350
-29167
-29905
-30561
-31133
-31620
-32020
-32332
-32556
-32690
-32735
-32690
-32556
-32332
-32020
-31620
-31133
-30561
-29905
-29167
-28350
-27454
-26483
-25440
-24327
-23147
-21904
-20601
-19241
-17829
-16368
-14861
-13315
-11731
-10116
-8473
-6806
-5121
-3422
-1713
0
1713
3422
5121
6806
8473
10116
11731
13315
14861
16368
17829
19241
20601
21904
23147
24327
25440
26483
27454
28350
29167
29905
30561
31133
31620
32020
32332
32556
32690
32735
32690
32556
32332
32020
31620
31133
30561
29905
29167
28350
27454
26483
25440
24327
23147
21904
20601
19241
17829
16368
14861
13315
11731
10116
8473
6806
5121
3422
1713
0
-1713
-3422
-5121
-6806
-8473
-10116
-11731
-13315
-14861
-16368
-17829
-19241
-20601
-21904
-23147
-24327
-25440
-26483
-27454
-28350
-29167
-29905
-30561
-31133
-31620
-32020
-32332
-32556
-32690
-32735
-32690
-32556
-32332
-32020
-31620
-31133
-30561
-29905
-29167
-28350
-27454
-26483
-25440
-24327
-23147
-21904
-20601
-19241
-17829
-16368
-14861
-13315
-11731
-10116
-8473
-6806
-5121
-3422
-1713
0
1713
3422
5121
6806
8473
10116
11731
13315
14861
16368
17829
19241
20601
21904
23147
24327
25440
26483
27454
28350
29167
29905
30561
31133
31620
32020
32332
32556
32690
32735
32690
32556
32332
32020
31620
31133
30561
29905
29167
28350
27454
26483
25440
24327
23147
21904
20601
19241
17829
16368
14861
13315
11731
10116
8473
6806
5121
3422
1713
0
-1713
-3422
-5121
-6806
-8473
-10116
-11731
-13315
-14861
-16368
-17829
-19241
-20601
-21904
-23147
-24327
-25440
-26483
-27454
-28350
-29167
-29905
-30561
-31133
-31620
-32020
-32332
-32556
-32690
-32735
-32690
-32556
-32332
-32020
-31620
-31133
-30561
-29905
-29167
-28350
-27454
-26483
-25440
-24327
-23147
-21904
-20601
-19241
-17829
-16368
-14861
-13315
-11731
-10116
-8473
-6806
-5121
-3422
-1713
0
1713
3422
5121
6806
8473
10116
11731
13315
14861
16368
17829
19241
20601
21904
23147
24327
25440
26483
27454
28350
29167
29905
30561
31133
31620
32020
32332
32556
32690
32735
32690
32556
32332
32020
31620
31133
30561
29905
29167
28350
27454
26483
25440
24327
23147
21904
20601
19241
17829
16368
14861
13315
11731
10116
8473
6806
5121
3422
1713
0
-1713
-3422
-5121
-6806
-8473
-10116
-11731
-13315
-14861
-16368
-17829
-19241
-20601
-21904
-23147
-24327
-25440
-26483
-27454
-28350
-29167
-29905
-30561
-31133
-31620
-32020
-32332
-32556
-32690
-32735
-32690
-32556
-32332
-32020
-31620
-31133
-30561
-29905
-29167
-28350
-27454
-26483
-25440
-24327
-23147
-21904
-20601
-19241
-17829
-16368
-14861
-13315
-11731
-10116
-8473
-6806
-5121
-3422
-1713
0
1713
3422
5121
6806
8473
10116
11731
13315
14861
16368
17829
19241
20601
21904
23147
24327
25440
26483
27454
28350
29167
29905
30561
31133
31620
32020
32332
32556
32690
32735
32690
32556
32332
32020
31620
31133
30561
29905
29167
28350
27454
26483
25440
24327
23147
21904
20601
19241
17829
16368
14861
13315
11731
10116
8473
6806
5121
3422
1713
0
-1713
-3422
-5121
-6806
-8473
-10116
-11731
-13315
-14861
-16368
-17829
-19241
-20601
-21904
-23147
-24327
-25440
-26483
-27454
-28350
-29167
-29905
-30561
-31133
-31620
-32020
-32332
-32556
-32690
-32735
-32690
-32556
-32332
-32020
-31620
-31133
-30561
-29905
-29167
-28350
-27454
-26483
-25440
-24327
-23147
-21904
-20601
-19241
-17829
-16368
-14861
-13315
-11731
-10116
-8473
-6806
-5121
-3422
-1713
0
1713
3422
5121
6806
8473
10116
11731
13315
14861
16368
17829
19241
20601
21904
23147
24327
25440
26483
27454
28350
29167
29905
30561
31133
31620
32020
32332
32556
32690
32735
32690
32556
32332
32020
31620
31133
30561
29905
29167
28350
27454
26483
25440
24327
23147
21904
20601
19241
17829
16368
14861
13315
11731
10116
8473
6806
5121
3422
1713
0
-1713
-3422
-5121
-6806
-8473
-10116
-11731
-13315
-14861
-16368
-17829
-19241
-20601
-21904
-23147
-24327
-25440
-26483
-27454
-28350
-29167
-29905
-30561
-31133
-31620
-32020
-32332
-32556
-32690
-32735
-32690
-32556
-32332
-32020
-31620
-31133
-30561
-29905
-29167
-28350
-27454
-26483
-25440
-24327
-23147
-21904
-20601
-19241
-17829
-16368
-14861
-13315
-11731
-10116
-8473
-6806
-5121
-3422
-1713
0
1713
3422
5121
6806
8473
10116
11731
13315
14861
16368
17829
19241
20601
21904
23147
24327
25440
26483
27454
28350
29167
29905
30561
31133
31620
32020
32332
32556
32690
32735
32690
32556
32332
32020
31620
31133
30561
29905
29167
28350
27454
26483
25440
24327
23147
21904
20601
19241
17829
16368
14861
13315
11731
10116
8473
6806
5121
3422
1713
0
-1713
-3422
-5121
-6806
-8473
-10116
-11731
-13315
-14861
-16368
-17829
-19241
-20601
-21904
-23147
-24327
-25440
-26483
-27454
-28350
-29167
-29905
-30561
-31133
-31620
-32020
-32332
-32556
-32690
-32735
-32690
-32556
-32332
-32020
-31620
-31133
-30561
-29905
-29167
-28350
-27454
-26483
-25440
-24327
-23147
-21904
-20601
-19241
-17829
-16368
-14861
-13315
-11731
-10116
-8473
-6806
-5121
-3422
-1713
0
1713
3422
5121
6806
8473
10116
11731
13315
14861
16368
17829
19241
20601
21904
23147
24327
25440
26483
27454
28350
29167
29905
30561
31133
31620
32020
32332
32556
32690
32735
32690
32556
32332
32020
31620
31133
30561
29905
29167
28350
27454
26483
25440
24327
23147
21904
20601
19241
17829
16368
14861
13315
11731
10116
8473
6806
5121
3422
1713
0
-1713
-3422
-5121
-6806
-8473
-10116
-11731
-13315
-14861
-16368
-17829
-19241
-20601
-21904
-23147
-24327
-25440
-26483
-27454
-28350
-29167
-29905
-30561
-31133
-31620
-32020
-32332
-32556
-32690
-32735
-32690
-32556
-32332
-32020
-31620
-31133
-30561
-29905
-29167
-28350
-27454
-26483
-25440
-24327
-23147
-21904
-20601
-19241
-17829
-16368
-14861
-13315
-11731
-10116
-8473
-6806
-5121
-3422
-1713
0
1713
3422
5121
6806
8473
10116
11731
13315
14861
16368
17829
19241
20601
21904
23147
24327
25440
26483
27454
28350
29167
29905
30561
31133
31620
32020
32332
32556
32690
32735
32690
32556
32332
32020
31620
31133
30561
29905
29167
28350
27454
26483
25440
24327
23147
21904
20601
19241
17829
16368
14861
13315
11731
10116
8473
6806
5121
3422
1713
0
-1713
-3422
-5121
-6806
-8473
-10116
-11731
-13315
-14861
-16368
-17829
-19241
-20601
-21904
-23147
-24327
-25440
-26483
-27454
-28350
-29167
-29905
-30561
-31133
-31620
-32020
-32332
-32556
-32690
-32735
-32690
-32556
-32332
-32020
-31620
-31133
-30561
-29905
-29167
-28350
-27454
-26483
-25440
-24327
-23147
-21904
-20601
-19241
-17829
-16368
-14861
-13315
-11731
-10116
-8473
-6806
-5121
-3422
-1713
0
1713
3422
5121
6806
8473
10116
11731
13315
14861
16368
17829
19241
20601
21904
23147
24327
25440
26483
27454
28350
29167
29905
30561
31133
31620
32020
32332
32556
32690
32735
32690
32556
32332
32020
31620
31133
30561
29905
29167
28350
27454
26483
25440
24327
23147
21904
20601
19241
17829
16368
14861
13315
11731
10116
8473
6806
5121
3422
1713
0
-1713
-3422
-5121
-6806
-8473
-10116
-11731
-13315
-14861
-16368
-17829
-19241
-20601
-21904
-23147
-24327
-25440
-26483
-27454
-28350
-29167
-29905
-30561
-31133
-31620
-32020
-32332
-32556
-32690
-32735
-32690
-32556
-32332
-32020
-31620
-31133
-30561
-29905
-29167
-28350
-27454
-26483
-25440
-24327
-23147
-21904
-20601
-19241
-17829
-16368
-14861
-13315
-11731
-10116
-8473
-6806
-5121
-3422
-1713
0
1713
3422
5121
6806
8473
10116
11731
13315
14861
16368
17829
19241
20601
21904
23147
24327
25440
26483
27454
28350
29167
29905
30561
31133
31620
32020
32332
32556
32690
32735
32690
32556
32332
32020
31620
31133
30561
29905
29167
28350
27454
26483
25440
24327
23147
21904
20601
19241
17829
16368
14861
13315
11731
10116
8473
6806
5121
3422
1713
0
-1713
-3422
-5121
-6806
-8473
-10116
-11731
-13315
-14861
-16368
-17829
-19241
-20601
-21904
-23147
-24327
-25440
-26483
-27454
-28350
-29167
-29905
-30561
-31133
-31620
-32020
-32332
-32556
-32690
-32735
-32690
-32556
-32332
-32020
-31620
-31133
-30561
-29905
-29167
-28350
-27454
-26483
-25440
-24327
-23147
-21904
-20601
-19241
-17829
-16368
-14861
-13315
-11731
-10116
-8473
-6806
-5121
-3422
-1713
0
1713
3422
5121
6806
8473
10116
11731
13315
14861
16368
17829
19241
20601
21904
23147
24327
25440
26483
27454
28350
29167
29905
30561
31133
31620
32020
32332
32556
32690
32735
32690
32556
32332
32020
31620
31133
30561
29905
29167
28350
27454
26483
25440
24327
23147
21904
20601
19241
17829
16368
14861
13315
11731
10116
8473
6806
5121
3422
1713
0
-1713
-3422
-5121
-6806
-8473
-10116
-11731
-13315
-14861
-16368
-17829
-19241
-20601
-21904
-23147
-24327
-25440
-26483
-27454
-28350
-29167
-29905
-30561
-31133
-31620
-32020
-32332
-32556
-32690
-32735
-32690
-32556
-32332
-32020
-31620
-31133
-30561
-29905
-29167
-28350
-27454
-26483
-25440
-24327
-23147
-21904
-20601
-19241
-17829
-16368
-14861
-13315
-11731
-10116
-8473
-6806
-5121
-3422
-1713
0
1713
3422
5121
6806
8473
10116
11731
13315
14861
16368
17829
19241
20601
21904
23147
24327
25440
26483
27454
28350
29167
29905
30561
31133
31620
32020
32332
32556
32690
32735
32690
32556
32332
32020
31620
31133
30561
29905
29167
28350
27454
26483
25440
24327
23147
21904
20601
19241
17829
16368
14861
13315
11731
10116
8473
6806
5121
3422
1713
0
-1713
-3422
-5121
-6806
-8473
-10116
-11731
-13315
-14861
-16368
-17829
-19241
-20601
-21904
-23147
-24327
-25440
-26483
-27454
-28350
-29167
-29905
-30561
-31133
-31620
-32020
-32332
-32556
-32690
-32735
-32690
-32556
-32332
-32020
-31620
-31133
-30561
-29905
-29167
-28350
-27454
-26483
-25440
-24327
-23147
-21904
-20601
-19241
-17829
-16368
-14861
-13315
-11731
-10116
-8473
-6806
-5121
-3422
-1713
0
1713
3422
5121
6806
8473
10116
11731
13315
14861
16368
17829
19241
20601
21904
23147
24327
25440
26483
27454
28350
29167
29905
30561
31133
31620
32020
32332
32556
32690
32735
32690
32556
32332
32020
31620
31133
30561
29905
29167
28350
27454
26483
25440
24327
23147
21904
20601
19241
17829
16368
14861
13315
11731
10116
8473
6806
5121
3422
1713
0
-1713
-3422
-5121
-6806
-8473
-10116
-11731
-13315
-14861
-16368
-17829
-19241
-20601
-21904
-23147
-24327
-25440
-26483
-27454
-28350
-29167
-29905
-30561
-31133
-31620
-32020
-32332
-32556
-32690
-32735
-32690
-32556
-32332
-32020
-31620
-31133
-30561
-29905
-29167
-28350
-27454
-26483
-25440
-24327
-23147
-21904
-20601
-19241
-17829
-16368
-14861
-13315
-11731
-10116
-8473
-6806
-5121
-3422
-1713
0
1713
3422
5121
6806
8473
10116
11731
13315
14861
16368
17829
19241
20601
21904
23147
24327
25440
26483
27454
28350
29167
29905
30561
31133
31620
32020
32332
32556
32690
32735
32690
32556
32332
32020
31620
31133
30561
29905
29167
28350
27454
26483
25440
24327
23147
21904
20601
19241
17829
16368
14861
13315
11731
10116
8473
6806
5121
3422
1713
0
-1713
-3422
-5121
-6806
-8473
-10116
-11731
-13315
-14861
-16368
-17829
-19241
-20601
-21904
-23147
-24327
-25440
-26483
-27454
-28350
-29167
-29905
-30561
-31133
-31620
-32020
-32332
-32556
-32690
-32735
-32690
-32556
-32332
-32020
-31620
-31133
-30561
-29905
-29167
-28350
-27454
-26483
-25440
-24327
-23147
-21904
-20601
-19241
-17829
-16368
-14861
-13315
-11731
-10116
-8473
-6806
-5121
-3422
-1713
0
1713
3422
5121
6806
8473
10116
11731
13315
14861
16368
17829
19241
20601
21904
23147
24327
25440
26483
27454
28350
29167
29905
30561
31133
31620
32020
32332
32556
32690
32735
32690
32556
32332
32020
31620
31133
30561
29905
29167
28350
27454
26483
25440
24327
23147
21904
20601
19241
17829
16368
14861
13315
11731
10116
8473
6806
5121
3422
1713
0
-1713
-3422
-5121
-6806
-8473
-10116
-11731
-13315
-14861
-16368
-17829
-19241
-20601
-21904
-23147
-24327
-25440
-26483
-27454
-28350
-29167
-29905
-30561
-31133
-31620
-32020
-32332
-32556
-32690
-32735
-32690
-32556
-32332
-32020
-31620
-31133
-30561
-29905
-29167
-28350
-27454
-26483
-25440
-24327
-23147
-21904
-20601
-19241
-17829
-16368
-14861
-13315
-11731
-10116
-8473
-6806
-5121
-3422
-1713
0
1713
3422
5121
6806
8473
10116
11731
13315
14861
16368
17829
19241
20601
21904
23147
24327
25440
26483
27454
28350
29167
29905
30561
31133
31620
32020
32332
32556
32690
32735
32690
32556
32332
32020
31620
31133
30561
29905
29167
28350
27454
26483
25440
24327
23147
21904
20601
19241
17829
16368
14861
13315
11731
10116
8473
6806
5121
3422
1713
0
-1713
-3422
-5121
-6806
-8473
-10116
-11731
-13315
-14861
-16368
-17829
-19241
-20601
-21904
-23147
-24327
-25440
-26483
-27454
-28350
-29167
-29905
-30561
-31133
-31620
-32020
-32332
-32556
-32690
-32735
-32690
-32556
-32332
-32020
-31620
-31133
-30561
-29905
-29167
-28350
-27454
-26483
-25440
-24327
-23147
-21904
-20601
-19241
-17829
-16368
-14861
-13315
-11731
-10116
-8473
-6806
-5121
-3422
-1713
