0
0
0
0
0
0
0
0
0
0
0
0
0
0
0
0
0
0
0
0
0
0
0
0
0
0
0
0
0
0
0
0
0
0
0
0
0
0
0
-1
-1
-1
-1
-2
-2
-2
-2
-2
-2
-2
-2
-1
-1
0
1
2
2
3
4
4
5
5
5
5
5
5
5
4
4
3
3
2
0
-1
-3
-6
-9
-12
-16
-19
-22
-25
-26
-27
-26
-23
-19
-12
-4
5
15
25
35
44
52
57
59
58
54
47
37
25
10
-5
-19
-34
-46
-56
-64
-69
-73
-74
-74
-72
-67
-57
-40
-12
33
98
187
304
450
626
830
1058
1307
1571
1848
2133
2429
2735
3053
3388
3742
4119
4520
4942
5381
5832
6288
6742
7190
7628
8054
8470
8878
9283
9689
10098
10511
10927
11342
11755
12161
12560
12948
13326
13698
14067
14436
14808
15185
15566
15948
16328
16703
17073
17431
17781
18123
18463
18802
19145
19494
19847
20201
20553
20900
21240
21567
21881
22185
22482
22775
23070
23368
23669
23973
24275
24572
24864
25142
25407
25662
25907
26148
26390
26635
26884
27134
27384
27630
27870
28097
28310
28510
28701
28885
29068
29254
29443
29634
29825
30013
30195
30364
30519
30661
30791
30912
31033
31154
31278
31404
31531
31656
31776
31883
31977
32055
32122
32178
32232
32286
32342
32401
32461
32519
32574
32617
32646
32660
32661
32651
32637
32623
32610
32600
32591
32582
32571
32548
32512
32461
32397
32320
32239
32157
32075
31996
31919
31843
31765
31677
31577
31463
31335
31193
31047
30898
30750
30604
30461
30319
30177
30026
29864
29689
29501
29298
29090
28879
28668
28459
28253
28049
27846
27636
27417
27185
26940
26682
26418
26149
25880
25613
25349
25088
24829
24565
24294
24012
23717
23409
23095
22775
22455
22136
21821
21510
21201
20890
20573
20247
19910
19560
19203
18841
18477
18115
17756
17402
17051
16700
16346
15984
15612
15228
14838
14442
14044
13647
13253
12865
12481
12099
11715
11326
10929
10522
10108
9688
9265
8843
8424
8011
7604
7200
6797
6390
5978
5557
5129
4695
4258
3821
3388
2961
2539
2124
1711
1297
879
454
23
-414
-854
-1295
-1732
-2163
-2588
-3005
-3417
-3828
-4241
-4659
-5083
-5512
-5945
-6379
-6809
-7234
-7651
-8060
-8461
-8859
-9257
-9658
-10064
-10475
-10890
-11305
-11718
-12126
-12526
-12916
-13297
-13672
-14045
-14418
-14796
-15179
-15566
-15954
-16339
-16719
-17093
-17454
-17805
-18148
-18486
-18824
-19165
-19510
-19858
-20209
-20557
-20901
-21238
-21562
-21874
-22177
-22473
-22766
-23061
-23360
-23662
-23967
-24270
-24568
-24861
-25139
-25406
-25660
-25907
-26148
-26390
-26636
-26884
-27135
-27385
-27631
-27871
-28098
-28311
-28512
-28703
-28886
-29070
-29255
-29444
-29634
-29825
-30013
-30195
-30365
-30520
-30661
-30791
-30912
-31033
-31154
-31278
-31404
-31531
-31656
-31776
-31883
-31977
-32055
-32122
-32178
-32232
-32286
-32342
-32401
-32461
-32519
-32574
-32617
-32646
-32660
-32661
-32651
-32637
-32623
-32610
-32600
-32591
-32582
-32571
-32548
-32512
-32461
-32397
-32320
-32239
-32157
-32075
-31996
-31919
-31843
-31765
-31677
-31577
-31463
-31335
-31193
-31047
-30898
-30750
-30604
-30461
-30319
-30177
-30026
-29864
-29689
-29501
-29298
-29090
-28879
-28668
-28459
-28253
-28049
-27846
-27636
-27417
-27185
-26940
-26682
-26418
-26149
-25880
-25613
-25349
-25088
-24829
-24565
-24294
-24012
-23717
-23409
-23095
-22775
-22455
-22136
-21821
-21510
-21201
-20890
-20573
-20247
-19910
-19560
-19203
-18841
-18477
-18115
-17756
-17402
-17051
-16700
-16346
-15984
-15612
-15228
-14838
-14442
-14044
-13647
-13253
-12865
-12481
-12099
-11715
-11326
-10929
-10522
-10108
-9688
-9265
-8843
-8424
-8011
-7604
-7200
-6797
-6390
-5978
-5557
-5129
-4695
-4258
-3821
-3388
-2961
-2539
-2124
-1711
-1297
-879
-454
-23
414
854
1295
1732
2163
2588
3005
3417
3828
4241
4659
5083
5512
5945
6379
6809
7234
7651
8060
8461
8859
9257
9658
10064
10475
10890
11305
11718
12126
12526
12916
13297
13672
14045
14418
14796
15179
15566
15954
16339
16719
17093
17454
17805
18148
18486
18824
19165
19510
19858
20209
20557
20901
21238
21562
21874
22177
22473
22766
23061
23360
23662
23967
24270
24568
24861
25139
25406
25660
25907
26148
26390
26636
26884
27135
27385
27631
27871
28098
28311
28512
28703
28886
29070
29255
29444
29634
29825
30013
30195
30365
30520
30661
30791
30912
31033
31154
31278
31404
31531
31656
31776
31883
31977
32055
32122
32178
32232
32286
32342
32401
32461
32519
32574
32617
32646
32660
32661
32651
32637
32623
32610
32600
32591
32582
32571
32548
32512
32461
32397
32320
32239
32157
32075
31996
31919
31843
31765
31677
31577
31463
31335
31193
31047
30898
30750
30604
30461
30319
30177
30026
29864
29689
29501
29298
29090
28879
28668
28459
28253
28049
27846
27636
27417
27185
26940
26682
26418
26149
25880
25613
25349
25088
24829
24565
24294
24012
23717
23409
23095
22775
22455
22136
21821
21510
21201
20890
20573
20247
19910
19560
19203
18841
18477
18115
17756
17402
17051
16700
16346
15984
15612
15228
14838
14442
14044
13647
13253
12865
12481
12099
11715
11326
10929
10522
10108
9688
9265
8843
8424
8011
7604
7200
6797
6390
5978
5557
5129
4695
4258
3821
3388
2961
2539
2124
1711
1297
879
454
23
-414
-854
-1295
-1732
-2163
-2588
-3005
-3417
-3828
-4241
-4659
-5083
-5512
-5945
-6379
-6809
-7234
-7651
-8060
-8461
-8859
-9257
-9658
-10064
-10475
-10890
-11305
-11718
-12126
-12526
-12916
-13297
-13672
-14045
-14418
-14796
-15179
-15566
-15954
-16339
-16719
-17093
-17454
-17805
-18148
-18486
-18824
-19165
-19510
-19858
-20209
-20557
-20901
-21238
-21562
-21874
-22177
-22473
-22766
-23061
-23360
-23662
-23967
-24270
-24568
-24861
-25139
-25406
-25660
-25907
-26148
-26390
-26636
-26884
-27135
-27385
-27631
-27871
-28098
-28311
-28512
-28703
-28886
-29070
-29255
-29444
-29634
-29825
-30013
-30195
-30365
-30520
-30661
-30791
-30912
-31033
-31154
-31278
-31404
-31531
-31656
-31776
-31883
-31977
-32055
-32122
-32178
-32232
-32286
-32342
-32401
-32461
-32519
-32574
-32617
-32646
-32660
-32661
-32651
-32637
-32623
-32610
-32600
-32591
-32582
-32571
-32548
-32512
-32461
-32397
-32320
-32239
-32157
-32075
-31996
-31919
-31843
-31765
-31677
-31577
-31463
-31335
-31193
-31047
-30898
-30750
-30604
-30461
-30319
-30177
-30026
-29864
-29689
-29501
-29298
-29090
-28879
-28668
-28459
-28253
-28049
-27846
-27636
-27417
-27185
-26940
-26682
-26418
-26149
-25880
-25613
-25349
-25088
-24829
-24565
-24294
-24012
-23717
-23409
-23095
-22775
-22455
-22136
-21821
-21510
-21201
-20890
-20573
-20247
-19910
-19560
-19203
-18841
-18477
-18115
-17756
-17402
-17051
-16700
-16346
-15984
-15612
-15228
-14838
-14442
-14044
-13647
-13253
-12865
-12481
-12099
-11715
-11326
-10929
-10522
-10108
-9688
-9265
-8843
-8424
-8011
-7604
-7200
-6797
-6390
-5978
-5557
-5129
-4695
-4258
-3821
-3388
-2961
-2539
-2124
-1711
-1297
-879
-454
-23
414
854
1295
1732
2163
2588
3005
3417
3828
4241
4659
5083
5512
5945
6379
6809
7234
7651
8060
8461
8859
9257
9658
10064
10475
10890
11305
11718
12126
12526
12916
13297
13672
14045
14418
14796
15179
15566
15954
16339
16719
17093
17454
17805
18148
18486
18824
19165
19510
19858
20209
20557
20901
21238
21562
21874
22177
22473
22766
23061
23360
23662
23967
24270
24568
24861
25139
25406
25660
25907
26148
26390
26636
26884
27135
27385
27631
27871
28098
28311
28512
28703
28886
29070
29255
29444
29634
29825
30013
30195
30365
30520
30661
30791
30912
31033
31154
31278
31404
31531
31656
31776
31883
31977
32055
32122
32178
32232
32286
32342
32401
32461
32519
32574
32617
32646
32660
32661
32651
32637
32623
32610
32600
32591
32582
32571
32548
32512
32461
32397
32320
32239
32157
32075
31996
31919
31843
31765
31677
31577
31463
31335
31193
31047
30898
30750
30604
30461
30319
30177
30026
29864
29689
29501
29298
29090
28879
28668
28459
28253
28049
27846
27636
27417
27185
26940
26682
26418
26149
25880
25613
25349
25088
24829
24565
24294
24012
23717
23409
23095
22775
22455
22136
21821
21510
21201
20890
20573
20247
19910
19560
19203
18841
18477
18115
17756
17402
17051
16700
16346
15984
15612
15228
14838
14442
14044
13647
13253
12865
12481
12099
11715
11326
10929
10522
10108
9688
9265
8843
8424
8011
7604
7200
6797
6390
5978
5557
5129
4695
4258
3821
3388
2961
2539
2124
1711
1297
879
454
23
-414
-854
-1295
-1732
-2163
-2588
-3005
-3417
-3828
-4241
-4659
-5083
-5512
-5945
-6379
-6809
-7234
-7651
-8060
-8461
-8859
-9257
-9658
-10064
-10475
-10890
-11305
-11718
-12126
-12526
-12916
-13297
-13672
-14045
-14418
-14796
-15179
-15566
-15954
-16339
-16719
-17093
-17454
-17805
-18148
-18486
-18824
-19165
-19510
-19858
-20209
-20557
-20901
-21238
-21562
-21874
-22177
-22473
-22766
-23061
-23360
-23662
-23967
-24270
-24568
-24861
-25139
-25406
-25660
-25907
-26148
-26390
-26636
-26884
-27135
-27385
-27631
-27871
-28098
-28311
-28512
-28703
-28886
-29070
-29255
-29444
-29634
-29825
-30013
-30195
-30365
-30520
-30661
-30791
-30912
-31033
-31154
-31278
-31404
-31531
-31656
-31776
-31883
-31977
-32055
-32122
-32178
-32232
-32286
-32342
-32401
-32461
-32519
-32574
-32617
-32646
-32660
-32661
-32651
-32637
-32623
-32610
-32600
-32591
-32582
-32571
-32548
-32512
-32461
-32397
-32320
-32239
-32157
-32075
-31996
-31919
-31843
-31765
-31677
-31577
-31463
-31335
-31193
-31047
-30898
-30750
-30604
-30461
-30319
-30177
-30026
-29864
-29689
-29501
-29298
-29090
-28879
-28668
-28459
-28253
-28049
-27846
-27636
-27417
-27185
-26940
-26682
-26418
-26149
-25880
-25613
-25349
-25088
-24829
-24565
-24294
-24012
-23717
-23409
-23095
-22775
-22455
-22136
-21821
-21510
-21201
-20890
-20573
-20247
-19910
-19560
-19203
-18841
-18477
-18115
-17756
-17402
-17051
-16700
-16346
-15984
-15612
-15228
-14838
-14442
-14044
-13647
-13253
-12865
-12481
-12099
-11715
-11326
-10929
-10522
-10108
-9688
-9265
-8843
-8424
-8011
-7604
-7200
-6797
-6390
-5978
-5557
-5129
-4695
-4258
-3821
-3388
-2961
-2539
-2124
-1711
-1297
-879
-454
-23
414
854
1295
1732
2163
2588
3005
3417
3828
4241
4659
5083
5512
5945
6379
6809
7234
7651
8060
8461
8859
9257
9658
10064
10475
10890
11305
11718
12126
12526
12916
13297
13672
14045
14418
14796
15179
15566
15954
16339
16719
17093
17454
17805
18148
18486
18824
19165
19510
19858
20209
20557
20901
21238
21562
21874
22177
22473
22766
23061
23360
23662
23967
24270
24568
24861
25139
25406
25660
25907
26148
26390
26636
26884
27135
27385
27631
27871
28098
28311
28512
28703
28886
29070
29255
29444
29634
29825
30013
30195
30365
30520
30661
30791
30912
31033
31154
31278
31404
31531
31656
31776
31883
31977
32055
32122
32178
32232
32286
32342
32401
32461
32519
32574
32617
32646
32660
32661
32651
32637
32623
32610
32600
32591
32582
32571
32548
32512
32461
32397
32320
32239
32157
32075
31996
31919
31843
31765
31677
31577
31463
31335
31193
31047
30898
30750
30604
30461
30319
30177
30026
29864
29689
29501
29298
29090
28879
28668
28459
28253
28049
27846
27636
27417
27185
26940
26682
26418
26149
25880
25613
25349
25088
24829
24565
24294
24012
23717
23409
23095
22775
22455
22136
21821
21510
21201
20890
20573
20247
19910
19560
19203
18841
18477
18115
17756
17402
17051
16700
16346
15984
15612
15228
14838
14442
14044
13647
13253
12865
12481
12099
11715
11326
10929
10522
10108
9688
9265
8843
8424
8011
7604
7200
6797
6390
5978
5557
5129
4695
4258
3821
3388
2961
2539
2124
1711
1297
879
454
23
-414
-854
-1295
-1732
-2163
-2588
-3005
-3417
-3828
-4241
-4659
-5083
-5512
-5945
-6379
-6809
-7234
-7651
-8060
-8461
-8859
-9257
-9658
-10064
-10475
-10890
-11305
-11718
-12126
-12526
-12916
-13297
-13672
-14045
-14418
-14796
-15179
-15566
-15954
-16339
-16719
-17093
-17454
-17805
-18148
-18486
-18824
-19165
-19510
-19858
-20209
-20557
-20901
-21238
-21562
-21874
-22177
-22473
-22766
-23061
-23360
-23662
-23967
-24270
-24568
-24861
-25139
-25406
-25660
-25907
-26148
-26390
-26636
-26884
-27135
-27385
-27631
-27871
-28098
-28311
-28512
-28703
-28886
-29070
-29255
-29444
-29634
-29825
-30013
-30195
-30365
-30520
-30661
-30791
-30912
-31033
-31154
-31278
-31404
-31531
-31656
-31776
-31883
-31977
-32055
-32122
-32178
-32232
-32286
-32342
-32401
-32461
-32519
-32574
-32617
-32646
-32660
-32661
-32651
-32637
-32623
-32610
-32600
-32591
-32582
-32571
-32548
-32512
-32461
-32397
-32320
-32239
-32157
-32075
-31996
-31919
-31843
-31765
-31677
-31577
-31463
-31335
-31193
-31047
-30898
-30750
-30604
-30461
-30319
-30177
-30026
-29864
-29689
-29501
-29298
-29090
-28879
-28668
-28459
-28253
-28049
-27846
-27636
-27417
-27185
-26940
-26682
-26418
-26149
-25880
-25613
-25349
-25088
-24829
-24565
-24294
-24012
-23717
-23409
-23095
-22775
-22455
-22136
-21821
-21510
-21201
-20890
-20573
-20247
-19910
-19560
-19203
-18841
-18477
-18115
-17756
-17402
-17051
-16700
-16346
-15984
-15612
-15228
-14838
-14442
-14044
-13647
-13253
-12865
-12481
-12099
-11715
-11326
-10929
-10522
-10108
-9688
-9265
-8843
-8424
-8011
-7604
-7200
-6797
-6390
-5978
-5557
-5129
-4695
-4258
-3821
-3388
-2961
-2539
-2124
-1711
-1297
-879
-454
-23
414
854
1295
1732
2163
2588
3005
3417
3828
4241
4659
5083
5512
5945
6379
6809
7234
7651
8060
8461
8859
9257
9658
10064
10475
10890
11305
11718
12126
12526
12916
13297
13672
14045
14418
14796
15179
15566
15954
16339
16719
17093
17454
17805
18148
18486
18824
19165
19510
19858
20209
20557
20901
21238
21562
21874
22177
22473
22766
23061
23360
23662
23967
24270
24568
24861
25139
25406
25660
25907
26148
26390
26636
26884
27135
27385
27631
27871
28098
28311
28512
28703
28886
29070
29255
29444
29634
29825
30013
30195
30365
30520
30661
30791
30912
31033
31154
31278
31404
31531
31656
31776
31883
31977
32055
32122
32178
32232
32286
32342
32401
32461
32519
32574
32617
32646
32660
32661
32651
32637
32623
32610
32600
32591
32582
32571
32548
32512
32461
32397
32320
32239
32157
32075
31996
31919
31843
31765
31677
31577
31463
31335
31193
31047
30898
30750
30604
30461
30319
30177
30026
29864
29689
29501
29298
29090
28879
28668
28459
28253
28049
27846
27636
27417
27185
26940
26682
26418
26149
25880
25613
25349
25088
24829
24565
24294
24012
23717
23409
23095
22775
22455
22136
21821
21510
21201
20890
20573
20247
19910
19560
19203
18841
18477
18115
17756
17402
17051
16700
16346
15984
15612
15228
14838
14442
14044
13647
13253
12865
12481
12099
11715
11326
10929
10522
10108
9688
9265
8843
8424
8011
7604
7200
6797
6390
5978
5557
5129
4695
4258
3821
3388
2961
2539
2124
1711
1297
879
454
23
-414
-854
-1295
-1732
-2163
-2588
-3005
-3417
-3828
-4241
-4659
-5083
-5512
-5945
-6379
-6809
-7234
-7651
-8060
-8461
-8859
-9257
-9658
-10064
-10475
-10890
-11305
-11718
-12126
-12526
-12916
-13297
-13672
-14045
-14418
-14796
-15179
-15566
-15954
-16339
-16719
-17093
-17454
-17805
-18148
-18486
-18824
-19165
-19510
-19858
-20209
-20557
-20901
-21238
-21562
-21874
-22177
-22473
-22766
-23061
-23360
-23662
-23967
-24270
-24568
-24861
-25139
-25406
-25660
-25907
-26148
-26390
-26636
-26884
-27135
-27385
-27631
-27871
-28098
-28311
-28512
-28703
-28886
-29070
-29255
-29444
-29634
-29825
-30013
-30195
-30365
-30520
-30661
-30791
-30912
-31033
-31154
-31278
-31404
-31531
-31656
-31776
-31883
-31977
-32055
-32122
-32178
-32232
-32286
-32342
-32401
-32461
-32519
-32574
-32617
-32646
-32660
-32661
-32651
-32637
-32623
-32610
-32600
-32591
-32582
-32571
-32548
-32512
-32461
-32397
-32320
-32239
-32157
-32075
-31996
-31919
-31843
-31765
-31677
-31577
-31463
-31335
-31193
-31047
-30898
-30750
-30604
-30461
-30319
-30177
-30026
-29864
-29689
-29501
-29298
-29090
-28879
-28668
-28459
-28253
-28049
-27846
-27636
-27417
-27185
-26940
-26682
-26418
-26149
-25880
-25613
-25349
-25088
-24829
-24565
-24294
-24012
-23717
-23409
-23095
-22775
-22455
-22136
-21821
-21510
-21201
-20890
-20573
-20247
-19910
-19560
-19203
-18841
-18477
-18115
-17756
-17402
-17051
-16700
-16346
-15984
-15612
-15228
-14838
-14442
-14044
-13647
-13253
-12865
-12481
-12099
-11715
-11326
-10929
-10522
-10108
-9688
-9265
-8843
-8424
-8011
-7604
-7200
-6797
-6390
-5978
-5557
-5129
-4695
-4258
-3821
-3388
-2961
-2539
-2124
-1711
-1297
-879
-454
-23
414
854
1295
1732
2163
2588
3005
3417
3828
4241
4659
5083
5512
5945
6379
6809
7234
7651
8060
8461
8859
9257
9658
10064
10475
10890
11305
11718
12126
12526
12916
13297
13672
14045
14418
14796
15179
15566
15954
16339
16719
17093
17454
17805
18148
18486
18824
19165
19510
19858
20209
20557
20901
21238
21562
21874
22177
22473
22766
23061
23360
23662
23967
24270
24568
24861
25139
25406
25660
25907
26148
26390
26636
26884
27135
27385
27631
27871
28098
28311
28512
28703
28886
29070
29255
29444
29634
29825
30013
30195
30365
30520
30661
30791
30912
31033
31154
31278
31404
31531
31656
31776
31883
31977
32055
32122
32178
32232
32286
32342
32401
32461
32519
32574
32617
32646
32660
32661
32651
32637
32623
32610
32600
32591
32582
32571
32548
32512
32461
32397
32320
32239
32157
32075
31996
31919
31843
31765
31677
31577
31463
31335
31193
31047
30898
30750
30604
30461
30319
30177
30026
29864
29689
29501
29298
29090
28879
28668
28459
28253
28049
27846
27636
27417
27185
26940
26682
26418
26149
25880
25613
25349
25088
24829
24565
24294
24012
23717
23409
23095
22775
22455
22136
21821
21510
21201
20890
20573
20247
19910
19560
19203
18841
18477
18115
17756
17402
17051
16700
16346
15984
15612
15228
14838
14442
14044
13647
13253
12865
12481
12099
11715
11326
10929
10522
10108
9688
9265
8843
8424
8011
7604
7200
6797
6390
5978
5557
5129
4695
4258
3821
3388
2961
2539
2124
1711
1297
879
454
23
-414
-854
-1295
-1732
-2163
-2588
-3005
-3417
-3828
-4241
-4659
-5083
-5512
-5945
-6379
-6809
-7234
-7651
-8060
-8461
-8859
-9257
-9658
-10064
-10475
-10890
-11305
-11718
-12126
-12526
-12916
-13297
-13672
-14045
-14418
-14796
-15179
-15566
-15954
-16339
-16719
-17093
-17454
-17805
-18148
-18486
-18824
-19165
-19510
-19858
-20209
-20557
-20901
-21238
-21562
-21874
-22177
-22473
-22766
-23061
-23360
-23662
-23967
-24270
-24568
-24861
-25139
-25406
-25660
-25907
-26148
-26390
-26636
-26884
-27135
-27385
-27631
-27871
-28098
-28311
-28512
-28703
-28886
-29070
-29255
-29444
-29634
-29825
-30013
-30195
-30365
-30520
-30661
-30791
-30912
-31033
-31154
-31278
-31404
-31531
-31656
-31776
-31883
-31977
-32055
-32122
-32178
-32232
-32286
-32342
-32401
-32461
-32519
-32574
-32617
-32646
-32660
-32661
-32651
-32637
-32623
-32610
-32600
-32591
-32582
-32571
-32548
-32512
-32461
-32397
-32320
-32239
-32157
-32075
-31996
-31919
-31843
-31765
-31677
-31577
-31463
-31335
-31193
-31047
-30898
-30750
-30604
-30461
-30319
-30177
-30026
-29864
-29689
-29501
-29298
-29090
-28879
-28668
-28459
-28253
-28049
-27846
-27636
-27417
-27185
-26940
-26682
-26418
-26149
-25880
-25613
-25349
-25088
-24829
-24565
-24294
-24012
-23717
-23409
-23095
-22775
-22455
-22136
-21821
-21510
-21201
-20890
-20573
-20247
-19910
-19560
-19203
-18841
-18477
-18115
-17756
-17402
-17051
-16700
-16346
-15984
-15612
-15228
-14838
-14442
-14044
-13647
-13253
-12865
-12481
-12099
-11715
-11326
-10929
-10522
-10108
-9688
-9265
-8843
-8424
-8011
-7604
-7200
-6797
-6390
-5978
-5557
-5129
-4695
-4258
-3821
-3388
-2961
-2539
-2124
-1711
-1297
-879
-454
-23
414
854
1295
1732
2163
2588
3005
3417
3828
4241
4659
5083
5512
5945
6379
6809
7234
7651
8060
8461
8859
9257
9658
10064
10475
10890
11305
11718
12126
12526
12916
13297
13672
14045
14418
14796
15179
15566
15954
16339
16719
17093
17454
17805
18148
18486
18824
19165
19510
19858
20209
20557
20901
21238
21562
21874
22177
22473
22766
23061
23360
23662
23967
24270
24568
24861
25139
25406
25660
25907
26148
26390
26636
26884
27135
27385
27631
27871
28098
28311
28512
28703
28886
29070
29255
29444
29634
29825
30013
30195
30365
30520
30661
30791
30912
31033
31154
31278
31404
31531
31656
31776
31883
31977
32055
32122
32178
32232
32286
32342
32401
32461
32519
32574
32617
32646
32660
32661
32651
32637
32623
32610
32600
32591
32582
32571
32548
32512
32461
32397
32320
32239
32157
32075
31996
31919
31843
31765
31677
31577
31463
31335
31193
31047
30898
30750
30604
30461
30319
30177
30026
29864
29689
29501
29298
29090
28879
28668
28459
28253
28049
27846
27636
27417
27185
26940
26682
26418
26149
25880
25613
25349
25088
24829
24565
24294
24012
23717
23409
23095
22775
22455
22136
21821
21510
21201
20890
20573
20247
19910
19560
19203
18841
18477
18115
17756
17402
17051
16700
16346
15984
15612
15228
14838
14442
14044
13647
13253
12865
12481
12099
11715
11326
10929
10522
10108
9688
9265
8843
8424
8011
7604
7200
6797
6390
5978
5557
5129
4695
4258
3821
3388
2961
2539
2124
1711
1297
879
454
23
-414
-854
-1295
-1732
-2163
-2588
-3005
-3417
-3828
-4241
-4659
-5083
-5512
-5945
-6379
-6809
-7234
-7651
-8060
-8461
-8859
-9257
-9658
-10064
-10475
-10890
-11305
-11718
-12126
-12526
-12916
-13297
-13672
-14045
-14418
-14796
-15179
-15566
-15954
-16339
-16719
-17093
-17454
-17805
-18148
-18486
-18824
-19165
-19510
-19858
-20209
-20557
-20901
-21238
-21562
-21874
-22177
-22473
-22766
-23061
-23360
-23662
-23967
-24270
-24568
-24861
-25139
-25406
-25660
-25907
-26148
-26390
-26636
-26884
-27135
-27385
-27631
-27871
-28098
-28311
-28512
-28703
-28886
-29070
-29255
-29444
-29634
-29825
-30013
-30195
-30365
-30520
-30661
-30791
-30912
-31033
-31154
-31278
-31404
-31531
-31656
-31776
-31883
-31977
-32055
-32122
-32178
-32232
-32286
-32342
-32401
-32461
-32519
-32574
-32617
-32646
-32660
-32661
-32651
-32637
-32623
-32610
-32600
-32591
-32582
-32571
-32548
-32512
-32461
-32397
-32320
-32239
-32157
-32075
-31996
-31919
-31843
-31765
-31677
-31577
-31463
-31335
-31193
-31047
-30898
-30750
-30604
-30461
-30319
-30177
-30026
-29864
-29689
-29501
-29298
-29090
-28879
-28668
-28459
-28253
-28049
-27846
-27636
-27417
-27185
-26940
-26682
-26418
-26149
-25880
-25613
-25349
-25088
-24829
-24565
-24294
-24012
-23717
-23409
-23095
-22775
-22455
-22136
-21821
-21510
-21201
-20890
-20573
-20247
-19910
-19560
-19203
-18841
-18477
-18115
-17756
-17402
-17051
-16700
-16346
-15984
-15612
-15228
-14838
-14442
-14044
-13647
-13253
-12865
-12481
-12099
-11715
-11326
-10929
-10522
-10108
-9688
-9265
-8843
-8424
-8011
-7604
-7200
-6797
-6390
-5978
-5557
-5129
-4695
-4258
-3821
-3388
-2961
-2539
-2124
-1711
-1297
-879
-454
-23
414
854
1295
1732
2163
2588
3005
3417
3828
4241
4659
5083
5512
5945
6379
6809
7234
7651
8060
8461
8859
9257
9658
10064
10475
10890
11305
11718
12126
12526
12916
13297
13672
14045
14418
14796
15179
15566
15954
16339
16719
17093
17454
17805
18148
18486
18824
19165
19510
19858
20209
20557
20901
21238
21562
21874
22177
22473
22766
23061
23360
23662
23967
24270
24568
24861
25139
25406
25660
25907
26148
26390
26636
26884
27135
27385
27631
27871
28098
28311
28512
28703
28886
29070
29255
29444
29634
29825
30013
30195
30365
30520
30661
30791
30912
31033
31154
31278
31404
31531
31656
31776
31883
31977
32055
32122
32178
32232
32286
32342
32401
32461
32519
32574
32617
32646
32660
32661
32651
32637
32623
32610
32600
32591
32582
32571
32548
32512
32461
32397
32320
32239
32157
32075
31996
31919
31843
31765
31677
31577
31463
31335
31193
31047
30898
30750
30604
30461
30319
30177
30026
29864
29689
29501
29298
29090
28879
28668
28459
28253
28049
27846
27636
27417
27185
26940
26682
26418
26149
25880
25613
25349
25088
24829
24565
24294
24012
23717
23409
23095
22775
22455
22136
21821
21510
21201
20890
20573
20247
19910
19560
19203
18841
18477
18115
17756
17402
17051
16700
16346
15984
15612
15228
14838
14442
14044
13647
13253
12865
12481
12099
11715
11326
10929
10522
10108
9688
9265
8843
8424
8011
7604
7200
6797
6390
5978
5557
5129
4695
4258
3821
3388
2961
2539
2124
1711
1297
879
454
23
-414
-854
-1295
-1732
-2163
-2588
-3005
-3417
-3828
-4241
-4659
-5083
-5512
-5945
-6379
-6809
-7234
-7651
-8060
-8461
-8859
-9257
-9658
-10064
-10475
-10890
-11305
-11718
-12126
-12526
-12916
-13297
-13672
-14045
-14418
-14796
-15179
-15566
-15954
-16339
-16719
-17093
-17454
-17805
-18148
-18486
-18824
-19165
-19510
-19858
-20209
-20557
-20901
-21238
-21562
-21874
-22177
-22473
-22766
-23061
-23360
-23662
-23967
-24270
-24568
-24861
-25139
-25406
-25660
-25907
-26148
-26390
-26636
-26884
-27135
-27385
-27631
-27871
-28098
-28311
-28512
-28703
-28886
-29070
-29255
-29444
-29634
-29825
-30013
-30195
-30365
-30520
-30661
-30791
-30912
-31033
-31154
-31278
-31404
-31531
-31656
-31776
-31883
-31977
-32055
-32122
-32178
-32232
-32286
-32342
-32401
-32461
-32519
-32574
-32617
-32646
-32660
-32661
-32651
-32637
-32623
-32610
-32600
-32591
-32582
-32571
-32548
-32512
-32461
-32397
-32320
-32239
-32157
-32075
-31996
-31919
-31843
-31765
-31677
-31577
-31463
-31335
-31193
-31047
-30898
-30750
-30604
-30461
-30319
-30177
-30026
-29864
-29689
-29501
-29298
-29090
-28879
-28668
-28459
-28253
-28049
-27846
-27636
-27417
-27185
-26940
-26682
-26418
-26149
-25880
-25613
-25349
-25088
-24829
-24565
-24294
-24012
-23717
-23409
-23095
-22775
-22455
-22136
-21821
-21510
-21201
-20890
-20573
-20247
-19910
-19560
-19203
-18841
-18477
-18115
-17756
-17402
-17051
-16700
-16346
-15984
-15612
-15228
-14838
-14442
-14044
-13647
-13253
-12865
-12481
-12099
-11715
-11326
-10929
-10522
-10108
-9688
-9265
-8843
-8424
-8011
-7604
-7200
-6797
-6390
-5978
-5557
-5129
-4695
-4258
-3821
-3388
-2961
-2539
-2124
-1711
-1297
-879
-454
-23
414
854
1295
1732
2163
2588
3005
3417
3828
4241
4659
5083
5512
5945
6379
6809
7234
7651
8060
8461
8859
9257
9658
10064
10475
10890
11305
11718
12126
12526
12916
13297
13672
14045
14418
14796
15179
15566
15954
16339
16719
17093
17454
17805
18148
18486
18824
19165
19510
19858
20209
20557
20901
21238
21562
21874
22177
22473
22766
23061
23360
23662
23967
24270
24568
24861
25139
25406
25660
25907
26148
26390
26636
26884
27135
27385
27631
27871
28098
28311
28512
28703
28886
29070
29255
29444
29634
29825
30013
30195
30365
30520
30661
30791
30912
31033
31154
31278
31404
31531
31656
31776
31883
31977
32055
32122
32178
32232
32286
32342
32401
32461
32519
32574
32617
32646
32660
32661
32651
32637
32623
32610
32600
32591
32582
32571
32548
32512
32461
32397
32320
32239
32157
32075
31996
31919
31843
31765
31677
31577
31463
31335
31193
31047
30898
30750
30604
30461
30319
30177
30026
29864
29689
29501
29298
29090
28879
28668
28459
28253
28049
27846
27636
27417
27185
26940
26682
26418
26149
25880
25613
25349
25088
24829
24565
24294
24012
23717
23409
23095
22775
22455
22136
21821
21510
21201
20890
20573
20247
19910
19560
19203
18841
18477
18115
17756
17402
17051
16700
16346
15984
15612
15228
14838
14442
14044
13647
13253
12865
12481
12099
11715
11326
10929
10522
10108
9688
9265
8843
8424
8011
7604
7200
6797
6390
5978
5557
5129
4695
4258
3821
3388
2961
2539
2124
1711
1297
879
454
23
-414
-854
-1295
-1732
-2163
-2588
-3005
-3417
-3828
-4241
-4659
-5083
-5512
-5945
-6379
-6809
-7234
-7651
-8060
-8461
-8859
-9257
-9658
-10064
-10475
-10890
-11305
-11718
-12126
-12526
-12916
-13297
-13672
-14045
-14418
-14796
-15179
-15566
-15954
-16339
-16719
-17093
-17454
-17805
-18148
-18486
-18824
-19165
-19510
-19858
-20209
-20557
-20901
-21238
-21562
-21874
-22177
-22473
-22766
-23061
-23360
-23662
-23967
-24270
-24568
-24861
-25139
-25406
-25660
-25907
-26148
-26390
-26636
-26884
-27135
-27385
-27631
-27871
-28098
-28311
-28512
-28703
-28886
-29070
-29255
-29444
-29634
-29825
-30013
-30195
-30365
-30520
-30661
-30791
-30912
-31033
-31154
-31278
-31404
-31531
-31656
-31776
-31883
-31977
-32055
-32122
-32178
-32232
-32286
-32342
-32401
-32461
-32519
-32574
-32617
-32646
-32660
-32661
-32651
-32637
-32623
-32610
-32600
-32591
-32582
-32571
-32548
-32512
-32461
-32397
-32320
-32239
-32157
-32075
-31996
-31919
-31843
-31765
-31677
-31577
-31463
-31335
-31193
-31047
-30898
-30750
-30604
-30461
-30319
-30177
-30026
-29864
-29689
-29501
-29298
-29090
-28879
-28668
-28459
-28253
-28049
-27846
-27636
-27417
-27185
-26940
-26682
-26418
-26149
-25880
-25613
-25349
-25088
-24829
-24565
-24294
-24012
-23717
-23409
-23095
-22775
-22455
-22136
-21821
-21510
-21201
-20890
-20573
-20247
-19910
-19560
-19203
-18841
-18477
-18115
-17756
-17402
-17051
-16700
-16346
-15984
-15612
-15228
-14838
-14442
-14044
-13647
-13253
-12865
-12481
-12099
-11715
-11326
-10929
-10522
-10108
-9688
-9265
-8843
-8424
-8011
-7604
-7200
-6797
-6390
-5978
-5557
-5129
-4695
-4258
-3821
-3388
-2961
-2539
-2124
-1711
-1297
-879
-454
-23
414
854
1295
1732
2163
2588
3005
3417
3828
4241
4659
5083
5512
5945
6379
6809
7234
7651
8060
8461
8859
9257
9658
10064
10475
10890
11305
11718
12126
12526
12916
13297
13672
14045
14418
14796
15179
15566
15954
16339
16719
17093
17454
17805
18148
18486
18824
19165
19510
19858
20209
20557
20901
21238
21562
21874
22177
22473
22766
23061
23360
23662
23967
24270
24568
24861
25139
25406
25660
25907
26148
26390
26636
26884
27135
27385
27631
27871
28098
28311
28512
28703
28886
29070
29255
29444
29634
29825
30013
30195
30365
30520
30661
30791
30912
31033
31154
31278
31404
31531
31656
31776
31883
31977
32055
32122
32178
32232
32286
32342
32401
32461
32519
32574
32617
32646
32660
32661
32651
32637
32623
32610
32600
32591
32582
32571
32548
32512
32461
32397
32320
32239
32157
32075
31996
31919
31843
31765
31677
31577
31463
31335
31193
31047
30898
30750
30604
30461
30319
30177
30026
29864
29689
29501
29298
29090
28879
28668
28459
28253
28049
27846
27636
27417
27185
26940
26682
26418
26149
25880
25613
25349
25088
24829
24565
24294
24012
23717
23409
23095
22775
22455
22136
21821
21510
21201
20890
20573
20247
19910
19560
19203
18841
18477
18115
17756
17402
17051
16700
16346
15984
15612
15228
14838
14442
14044
13647
13253
12865
12481
12099
11715
11326
10929
10522
10108
9688
9265
8843
8424
8011
7604
7200
6797
6390
5978
5557
5129
4695
4258
3821
3388
2961
2539
2124
1711
1297
879
454
23
-414
-854
-1295
-1732
-2163
-2588
-3005
-3417
-3828
-4241
-4659
-5083
-5512
-5945
-6379
-6809
-7234
-7651
-8060
-8461
-8859
-9257
-9658
-10064
-10475
-10890
-11305
-11718
-12126
-12526
-12916
-13297
-13672
-14045
-14418
-14796
-15179
-15566
-15954
-16339
-16719
-17093
-17454
-17805
-18148
-18486
-18824
-19165
-19510
-19858
-20209
-20557
-20901
-21238
-21562
-21874
-22177
-22473
-22766
-23061
-23360
-23662
-23967
-24270
-24568
-24861
-25139
-25406
-25660
-25907
-26148
-26390
-26636
-26884
-27135
-27385
-27631
-27871
-28098
-28311
-28512
-28703
-28886
-29070
-29255
-29444
-29634
-29825
-30013
-30195
-30365
-30520
-30661
-30791
-30912
-31033
-31154
-31278
-31404
-31531
-31656
-31776
-31883
-31977
-32055
-32122
-32178
-32232
-32286
-32342
-32401
-32461
-32519
-32574
-32617
-32646
-32660
-32661
-32651
-32637
-32623
-32610
-32600
-32591
-32582
-32571
-32548
-32512
-32461
-32397
-32320
-32239
-32157
-32075
-31996
-31919
-31843
-31765
-31677
-31577
-31463
-31335
-31193
-31047
-30898
-30750
-30604
-30461
-30319
-30177
-30026
-29864
-29689
-29501
-29298
-29090
-28879
-28668
-28459
-28253
-28049
-27846
-27636
-27417
-27185
-26940
-26682
-26418
-26149
-25880
-25613
-25349
-25088
-24829
-24565
-24294
-24012
-23717
-23409
-23095
-22775
-22455
-22136
-21821
-21510
-21201
-20890
-20573
-20247
-19910
-19560
-19203
-18841
-18477
-18115
-17756
-17402
-17051
-16700
-16346
-15984
-15612
-15228
-14838
-14442
-14044
-13647
-13253
-12865
-12481
-12099
-11715
-11326
-10929
-10522
-10108
-9688
-9265
-8843
-8424
-8011
-7604
-7200
-6797
-6390
-5978
-5557
-5129
-4695
-4258
-3821
-3388
-2961
-2539
-2124
-1711
-1297
-879
-454
-23
414
854
1295
1732
2163
2588
3005
3417
3828
4241
4659
5083
5512
5945
6379
6809
7234
7651
8060
8461
8859
9257
9658
10064
10475
10890
11305
11718
12126
12526
12916
13297
13672
14045
14418
14796
15179
15566
15954
16339
16719
17093
17454
17805
18148
18486
18824
19165
19510
19858
20209
20557
20901
21238
21562
21874
22177
22473
22766
23061
23360
23662
23967
24270
24568
24861
25139
25406
25660
25907
26148
26390
26636
26884
27135
27385
27631
27871
28098
28311
28512
28703
28886
29070
29255
29444
29634
29825
30013
30195
30365
30520
30661
30791
30912
31033
31154
31278
31404
31531
31656
31776
31883
31977
32055
32122
32178
32232
32286
32342
32401
32461
32519
32574
32617
32646
32660
32661
32651
32637
32623
32610
32600
32591
32582
32571
32548
32512
32461
32397
32320
32239
32157
32075
31996
31919
31843
31765
31677
31577
31463
31335
31193
31047
30898
30750
30604
30461
30319
30177
30026
29864
29689
29501
29298
29090
28879
28668
28459
28253
28049
27846
27636
27417
27185
26940
26682
26418
26149
25880
25613
25349
25088
24829
24565
24294
24012
23717
23409
23095
22775
22455
22136
21821
21510
21201
20890
20573
20247
19910
19560
19203
18841
18477
18115
17756
17402
17051
16700
16346
15984
15612
15228
14838
14442
14044
13647
13253
12865
12481
12099
11715
11326
10929
10522
10108
9688
9265
8843
8424
8011
7604
7200
6797
6390
5978
5557
5129
4695
4258
3821
3388
2961
2539
2124
1711
1297
879
454
23
-414
-854
-1295
-1732
-2163
-2588
-3005
-3417
-3828
-4241
-4659
-5083
-5512
-5945
-6379
-6809
-7234
-7651
-8060
-8461
-8859
-9257
-9658
-10064
-10475
-10890
-11305
-11718
-12126
-12526
-12916
-13297
-13672
-14045
-14418
-14796
-15179
-15566
-15954
-16339
-16719
-17093
-17454
-17805
-18148
-18486
-18824
-19165
-19510
-19858
-20209
-20557
-20901
-21238
-21562
-21874
-22177
-22473
-22766
-23061
-23360
-23662
-23967
-24270
-24568
-24861
-25139
-25406
-25660
-25907
-26148
-26390
-26636
-26884
-27135
-27385
-27631
-27871
-28098
-28311
-28512
-28703
-28886
-29070
-29255
-29444
-29634
-29825
-30013
-30195
-30365
-30520
-30661
-30791
-30912
-31033
-31154
-31278
-31404
-31531
-31656
-31776
-31883
-31977
-32055
-32122
-32178
-32232
-32286
-32342
-32401
-32461
-32519
-32574
-32617
-32646
-32660
-32661
-32651
-32637
-32623
-32610
-32600
-32591
-32582
-32571
-32548
-32512
-32461
-32397
-32320
-32239
-32157
-32075
-31996
-31919
-31843
-31765
-31677
-31577
-31463
-31335
-31193
-31047
-30898
-30750
-30604
-30461
-30319
-30177
-30026
-29864
-29689
-29501
-29298
-29090
-28879
-28668
-28459
-28253
-28049
-27846
-27636
-27417
-27185
-26940
-26682
-26418
-26149
-25880
-25613
-25349
-25088
-24829
-24565
-24294
-24012
-23717
-23409
-23095
-22775
-22455
-22136
-21821
-21510
-21201
-20890
-20573
-20247
-19910
-19560
-19203
-18841
-18477
-18115
-17756
-17402
-17051
-16700
-16346
-15984
-15612
-15228
-14838
-14442
-14044
-13647
-13253
-12865
-12481
-12099
-11715
-11326
-10929
-10522
-10108
-9688
-9265
-8843
-8424
-8011
-7604
-7200
-6797
-6390
-5978
-5557
-5129
-4695
-4258
-3821
-3388
-2961
-2539
-2124
-1711
-1297
-879
-454
-23
414
854
1295
1732
2163
2588
3005
3417
3828
4241
4659
5083
5512
5945
6379
6809
7234
7651
8060
8461
8859
9257
9658
10064
10475
10890
11305
11718
12126
12526
12916
13297
13672
14045
14418
14796
15179
15566
15954
16339
16719
17093
17454
17805
18148
18486
18824
19165
19510
19858
20209
20557
20901
21238
21562
21874
22177
22473
22766
23061
23360
23662
23967
24270
24568
24861
25139
25406
25660
25907
26148
26390
26636
26884
27135
27385
27631
27871
28098
28311
28512
28703
28886
29070
29255
29444
29634
29825
30013
30195
30365
30520
30661
30791
30912
31033
31154
31278
31404
31531
31656
31776
31883
31977
32055
32122
32178
32232
32286
32342
32401
32461
32519
32574
32617
32646
32660
32661
32651
32637
32623
32610
32600
32591
32582
32571
32548
32512
32461
32397
32320
32239
32157
32075
31996
31919
31843
31765
31677
31577
31463
31335
31193
31047
30898
30750
30604
30461
30319
30177
30026
29864
29689
29501
29298
29090
28879
28668
28459
28253
28049
27846
27636
27417
27185
26940
26682
26418
26149
25880
25613
25349
25088
24829
24565
24294
24012
23717
23409
23095
22775
22455
22136
21821
21510
21201
20890
20573
20247
19910
19560
19203
18841
18477
18115
17756
17402
17051
16700
16346
15984
15612
15228
14838
14442
14044
13647
13253
12865
12481
12099
11715
11326
10929
10522
10108
9688
9265
8843
8424
8011
7604
7200
6797
6390
5978
5557
5129
4695
4258
3821
3388
2961
2539
2124
1711
1297
879
454
23
-414
-854
-1295
-1732
-2163
-2588
-3005
-3417
-3828
-4241
-4659
-5083
-5512
-5945
-6379
-6809
-7234
-7651
-8060
-8461
-8859
-9257
-9658
-10064
-10475
-10890
-11305
-11718
-12126
-12526
-12916
-13297
-13672
-14045
-14418
-14796
-15179
-15566
-15954
-16339
-16719
-17093
-17454
-17805
-18148
-18486
-18824
-19165
-19510
-19858
-20209
-20557
-20901
-21238
-21562
-21874
-22177
-22473
-22766
-23061
-23360
-23662
-23967
-24270
-24568
-24861
-25139
-25406
-25660
-25907
-26148
-26390
-26636
-26884
-27135
-27385
-27631
-27871
-28098
-28311
-28512
-28703
-28886
-29070
-29255
-29444
-29634
-29825
-30013
-30195
-30365
-30520
-30661
-30791
-30912
-31033
-31154
-31278
-31404
-31531
-31656
-31776
-31883
-31977
-32055
-32122
-32178
-32232
-32286
-32342
-32401
-32461
-32519
-32574
-32617
-32646
-32660
-32661
-32651
-32637
-32623
-32610
-32600
-32591
-32582
-32571
-32548
-32512
-32461
-32397
-32320
-32239
-32157
-32075
-31996
-31919
-31843
-31765
-31677
-31577
-31463
-31335
-31193
-31047
-30898
-30750
-30604
-30461
-30319
-30177
-30026
-29864
-29689
-29501
-29298
-29090
-28879
-28668
-28459
-28253
-28049
-27846
-27636
-27417
-27185
-26940
-26682
-26418
-26149
-25880
-25613
-25349
-25088
-24829
-24565
-24294
-24012
-23717
-23409
-23095
-22775
-22455
-22136
-21821
-21510
-21201
-20890
-20573
-20247
-19910
-19560
-19203
-18841
-18477
-18115
-17756
-17402
-17051
-16700
-16346
-15984
-15612
-15228
-14838
-14442
-14044
-13647
-13253
-12865
-12481
-12099
-11715
-11326
-10929
-10522
-10108
-9688
-9265
-8843
-8424
-8011
-7604
-7200
-6797
-6390
-5978
-5557
-5129
-4695
-4258
-3821
-3388
-2961
-2539
-2124
-1711
-1297
-879
-454
-23
414
854
1295
1732
2163
2588
3005
3417
3828
4241
4659
5083
5512
5945
6379
6809
7234
7651
8060
8461
8859
9257
9658
10064
10475
10890
11305
11718
12126
12526
12916
13297
13672
14045
14418
14796
15179
15566
15954
16339
16719
17093
17454
17805
18148
18486
18824
19165
19510
19858
20209
20557
20901
21238
21562
21874
22177
22473
22766
23061
23360
23662
23967
24270
24568
24861
25139
25406
25660
25907
26148
26390
26636
26884
27135
27385
27631
27871
28098
28311
28512
28703
28886
29070
29255
29444
29634
29825
30013
30195
30365
30520
30661
30791
30912
31033
31154
31278
31404
31531
31656
31776
31883
31977
32055
32122
32178
32232
32286
32342
32401
32461
32519
32574
32617
32646
32660
32661
32651
32637
32623
32610
32600
32591
32582
32571
32548
32512
32461
32397
32320
32239
32157
32075
31996
31919
31843
31765
31677
31577
31463
31335
31193
31047
30898
30750
30604
30461
30319
30177
30026
29864
29689
29501
29298
29090
28879
28668
28459
28253
28049
27846
27636
27417
27185
26940
26682
26418
26149
25880
25613
25349
25088
24829
24565
24294
24012
23717
23409
23095
22775
22455
22136
21821
21510
21201
20890
20573
20247
19910
19560
19203
18841
18477
18115
17756
17402
17051
16700
16346
15984
15612
15228
14838
14442
14044
13647
13253
12865
12481
12099
11715
11326
10929
10522
10108
9688
9265
8843
8424
8011
7604
7200
6797
6390
5978
5557
5129
4695
4258
3821
3388
2961
2539
2124
1711
1297
879
454
23
-414
-854
-1295
-1732
-2163
-2588
-3005
-3417
-3828
-4241
-4659
-5083
-5512
-5945
-6379
-6809
-7234
-7651
-8060
-8461
-8859
-9257
-9658
-10064
-10475
-10890
-11305
-11718
-12126
-12526
-12916
-13297
-13672
-14045
-14418
-14796
-15179
-15566
-15954
-16339
-16719
-17093
-17454
-17805
-18148
-18486
-18824
-19165
-19510
-19858
-20209
-20557
-20901
-21238
-21562
-21874
-22177
-22473
-22766
-23061
-23360
-23662
-23967
-24270
-24568
-24861
-25139
-25406
-25660
-25907
-26148
-26390
-26636
-26884
-27135
-27385
-27631
-27871
-28098
-28311
-28512
-28703
-28886
-29070
-29255
-29444
-29634
-29825
-30013
-30195
-30365
-30520
-30661
-30791
-30912
-31033
-31154
-31278
-31404
-31531
-31656
-31776
-31883
-31977
-32055
-32122
-32178
-32232
-32286
-32342
-32401
-32461
-32519
-32574
-32617
-32646
-32660
-32661
-32651
-32637
-32623
-32610
-32600
-32591
-32582
-32571
-32548
-32512
-32461
-32397
-32320
-32239
-32157
-32075
-31996
-31919
-31843
-31765
-31677
-31577
-31463
-31335
-31193
-31047
-30898
-30750
-30604
-30461
-30319
-30177
-30026
-29864
-29689
-29501
-29298
-29090
-28879
-28668
-28459
-28253
-28049
-27846
-27636
-27417
-27185
-26940
-26682
-26418
-26149
-25880
-25613
-25349
-25088
-24829
-24565
-24294
-24012
-23717
-23409
-23095
-22775
-22455
-22136
-21821
-21510
-21201
-20890
-20573
-20247
-19910
-19560
-19203
-18841
-18477
-18115
-17756
-17402
-17051
-16700
-16346
-15984
-15612
-15228
-14838
-14442
-14044
-13647
-13253
-12865
-12481
-12099
-11715
-11326
-10929
-10522
-10108
-9688
-9265
-8843
-8424
-8011
-7604
-7200
-6797
-6390
-5978
-5557
-5129
-4695
-4258
-3821
-3388
-2961
-2539
-2124
-1711
-1297
-879
-454
-23
414
854
1295
1732
2163
2588
3005
3417
3828
4241
4659
5083
5512
5945
6379
6809
7234
7651
8060
8461
8859
9257
9658
10064
10475
10890
11305
11718
12126
12526
12916
13297
13672
14045
14418
14796
15179
15566
15954
16339
16719
17093
17454
17805
18148
18486
18824
19165
19510
19858
20209
20557
20901
21238
21562
21874
22177
22473
22766
23061
23360
23662
23967
24270
24568
24861
25139
25406
25660
25907
26148
26390
26636
26884
27135
27385
27631
27871
28098
28311
28512
28703
28886
29070
29255
29444
29634
29825
30013
30195
30365
30520
30661
30791
30912
31033
31154
31278
31404
31531
31656
31776
31883
31977
32055
32122
32178
32232
32286
32342
32401
32461
32519
32574
32617
32646
32660
32661
32651
32637
32623
32610
32600
32591
32582
32571
32548
32512
32461
32397
32320
32239
32157
32075
31996
31919
31843
31765
31677
31577
31463
31335
31193
31047
30898
30750
30604
30461
30319
30177
30026
29864
29689
29501
29298
29090
28879
28668
28459
28253
28049
27846
27636
27417
27185
26940
26682
26418
26149
25880
25613
25349
25088
24829
24565
24294
24012
23717
23409
23095
22775
22455
22136
21821
21510
21201
20890
20573
20247
19910
19560
19203
18841
18477
18115
17756
17402
17051
16700
16346
15984
15612
15228
14838
14442
14044
13647
13253
12865
12481
12099
11715
11326
10929
10522
10108
9688
9265
8843
8424
8011
7604
7200
6797
6390
5978
5557
5129
4695
4258
3821
3388
2961
2539
2124
1711
1297
879
454
23
-414
-854
-1295
-1732
-2163
-2588
-3005
-3417
-3828
-4241
-4659
-5083
-5512
-5945
-6379
-6809
-7234
-7651
-8060
-8461
-8859
-9257
-9658
-10064
-10475
-10890
-11305
-11718
-12126
-12526
-12916
-13297
-13672
-14045
-14418
-14796
-15179
-15566
-15954
-16339
-16719
-17093
-17454
-17805
-18148
-18486
-18824
-19165
-19510
-19858
-20209
-20557
-20901
-21238
-21562
-21874
-22177
-22473
-22766
-23061
-23360
-23662
-23967
-24270
-24568
-24861
-25139
-25406
-25660
-25907
-26148
-26390
-26636
-26884
-27135
-27385
-27631
-27871
-28098
-28311
-28512
-28703
-28886
-29070
-29255
-29444
-29634
-29825
-30013
-30195
-30365
-30520
-30661
-30791
-30912
-31033
-31154
-31278
-31404
-31531
-31656
-31776
-31883
-31977
-32055
-32122
-32178
-32232
-32286
-32342
-32401
-32461
-32519
-32574
-32617
-32646
-32660
-32661
-32651
-32637
-32623
-32610
-32600
-32591
-32582
-32571
-32548
-32512
-32461
-32397
-32320
-32239
-32157
-32075
-31996
-31919
-31843
-31765
-31677
-31577
-31463
-31335
-31193
-31047
-30898
-30750
-30604
-30461
-30319
-30177
-30026
-29864
-29689
-29501
-29298
-29090
-28879
-28668
-28459
-28253
-28049
-27846
-27636
-27417
-27185
-26940
-26682
-26418
-26149
-25880
-25613
-25349
-25088
-24829
-24565
-24294
-24012
-23717
-23409
-23095
-22775
-22455
-22136
-21821
-21510
-21201
-20890
-20573
-20247
-19910
-19560
-19203
-18841
-18477
-18115
-17756
-17402
-17051
-16700
-16346
-15984
-15612
-15228
-14838
-14442
-14044
-13647
-13253
-12865
-12481
-12099
-11715
-11326
-10929
-10522
-10108
-9688
-9265
-8843
-8424
-8011
-7604
-7200
-6797
-6390
-5978
-5557
-5129
-4695
-4258
-3821
-3388
-2961
-2539
-2124
-1711
-1297
-879
-454
-23
414
854
1295
1732
2163
2588
3005
3417
3828
4241
4659
5083
5512
5945
6379
6809
7234
7651
8060
8461
8859
9257
9658
10064
10475
10890
11305
11718
12126
12526
12916
13297
13672
14045
14418
14796
15179
15566
15954
16339
16719
17093
17454
17805
18148
18486
18824
19165
19510
19858
20209
20557
20901
21238
21562
21874
22177
22473
22766
23061
23360
23662
23967
24270
24568
24861
25139
25406
25660
25907
26148
26390
26636
26884
27135
27385
27631
27871
28098
28311
28512
28703
28886
29070
29255
29444
29634
29825
30013
30195
30365
30520
30661
30791
30912
31033
31154
31278
31404
31531
31656
31776
31883
31977
32055
32122
32178
32232
32286
32342
32401
32461
32519
32574
32617
32646
32660
32661
32651
32637
32623
32610
32600
32591
32582
32571
32548
32512
32461
32397
32320
32239
32157
32075
31996
31919
31843
31765
31677
31577
31463
31335
31193
31047
30898
30750
30604
30461
30319
30177
30026
29864
29689
29501
29298
29090
28879
28668
28459
28253
28049
27846
27636
27417
27185
26940
26682
26418
26149
25880
25613
25349
25088
24829
24565
24294
24012
23717
23409
23095
22775
22455
22136
21821
21510
21201
20890
20573
20247
19910
19560
19203
18841
18477
18115
17756
17402
17051
16700
16346
15984
15612
15228
14838
14442
14044
13647
13253
12865
12481
12099
11715
11326
10929
10522
10108
9688
9265
8843
8424
8011
7604
7200
6797
6390
5978
5557
5129
4695
4258
3821
3388
2961
2539
2124
1711
1297
879
454
23
-414
-854
-1295
-1732
-2163
-2588
-3005
-3417
-3828
-4241
-4659
-5083
-5512
-5945
-6379
-6809
-7234
-7651
-8060
-8461
-8859
-9257
-9658
-10064
-10475
-10890
-11305
-11718
-12126
-12526
-12916
-13297
-13672
-14045
-14418
-14796
-15179
-15566
-15954
-16339
-16719
-17093
-17454
-17805
-18148
-18486
-18824
-19165
-19510
-19858
-20209
-20557
-20901
-21238
-21562
-21874
-22177
-22473
-22766
-23061
-23360
-23662
-23967
-24270
-24568
-24861
-25139
-25406
-25660
-25907
-26148
-26390
-26636
-26884
-27135
-27385
-27631
-27871
-28098
-28311
-28512
-28703
-28886
-29070
-29255
-29444
-29634
-29825
-30013
-30195
-30365
-30520
-30661
-30791
-30912
-31033
-31154
-31278
-31404
-31531
-31656
-31776
-31883
-31977
-32055
-32122
-32178
-32232
-32286
-32342
-32401
-32461
-32519
-32574
-32617
-32646
-32660
-32661
-32651
-32637
-32623
-32610
-32600
-32591
-32582
-32571
-32548
-32512
-32461
-32397
-32320
-32239
-32157
-32075
-31996
-31919
-31843
-31765
-31677
-31577
-31463
-31335
-31193
-31047
-30898
-30750
-30604
-30461
-30319
-30177
-30026
-29864
-29689
-29501
-29298
-29090
-28879
-28668
-28459
-28253
-28049
-27846
-27636
-27417
-27185
-26940
-26682
-26418
-26149
-25880
-25613
-25349
-25088
-24829
-24565
-24294
-24012
-23717
-23409
-23095
-22775
-22455
-22136
-21821
-21510
-21201
-20890
-20573
-20247
-19910
-19560
-19203
-18841
-18477
-18115
-17756
-17402
-17051
-16700
-16346
-15984
-15612
-15228
-14838
-14442
-14044
-13647
-13253
-12865
-12481
-12099
-11715
-11326
-10929
-10522
-10108
-9688
-9265
-8843
-8424
-8011
-7604
-7200
-6797
-6390
-5978
-5557
-5129
-4695
-4258
-3821
-3388
-2961
-2539
-2124
-1711
-1297
-879
-454
-23
414
854
1295
1732
2163
2588
3005
3417
3828
4241
4659
5083
5512
5945
6379
6809
7234
7651
8060
8461
8859
9257
9658
10064
10475
10890
11305
11718
12126
12526
12916
13297
13672
14045
14418
14796
15179
15566
15954
16339
16719
17093
17454
17805
18148
18486
18824
19165
19510
19858
20209
20557
20901
21238
21562
21874
22177
22473
22766
23061
23360
23662
23967
24270
24568
24861
25139
25406
25660
25907
26148
26390
26636
26884
27135
27385
27631
27871
28098
28311
28512
28703
28886
29070
29255
29444
29634
29825
30013
30195
30365
30520
30661
30791
30912
31033
31154
31278
31404
31531
31656
31776
31883
31977
32055
32122
32178
32232
32286
32342
32401
32461
32519
32574
32617
32646
32660
32661
32651
32637
32623
32610
32600
32591
32582
32571
32548
32512
32461
32397
32320
32239
32157
32075
31996
31919
31843
31765
31677
31577
31463
31335
31193
31047
30898
30750
30604
30461
30319
30177
30026
29864
29689
29501
29298
29090
28879
28668
28459
28253
28049
27846
27636
27417
27185
26940
26682
26418
26149
25880
25613
25349
25088
24829
24565
24294
24012
23717
23409
23095
22775
22455
22136
21821
21510
21201
20890
20573
20247
19910
19560
19203
18841
18477
18115
17756
17402
17051
16700
16346
15984
15612
15228
14838
14442
14044
13647
13253
12865
12481
12099
11715
11326
10929
10522
10108
9688
9265
8843
8424
8011
7604
7200
6797
6390
5978
5557
5129
4695
4258
3821
3388
2961
2539
2124
1711
1297
879
454
23
-414
-854
-1295
-1732
-2163
-2588
-3005
-3417
-3828
-4241
-4659
-5083
-5512
-5945
-6379
-6809
-7234
-7651
-8060
-8461
-8859
-9257
-9658
-10064
-10475
-10890
-11305
-11718
-12126
-12526
-12916
-13297
-13672
-14045
-14418
-14796
-15179
-15566
-15954
-16339
-16719
-17093
-17454
-17805
-18148
-18486
-18824
-19165
-19510
-19858
-20209
-20557
-20901
-21238
-21562
-21874
-22177
-22473
-22766
-23061
-23360
-23662
-23967
-24270
-24568
-24861
-25139
-25406
-25660
-25907
-26148
-26390
-26636
-26884
-27135
-27385
-27631
-27871
-28098
-28311
-28512
-28703
-28886
-29070
-29255
-29444
-29634
-29825
-30013
-30195
-30365
-30520
-30661
-30791
-30912
-31033
-31154
-31278
-31404
-31531
-31656
-31776
-31883
-31977
-32055
-32122
-32178
-32232
-32286
-32342
-32401
-32461
-32519
-32574
-32617
-32646
-32660
-32661
-32651
-32637
-32623
-32610
-32600
-32591
-32582
-32571
-32548
-32512
-32461
-32397
-32320
-32239
-32157
-32075
-31996
-31919
-31843
-31765
-31677
-31577
-31463
-31335
-31193
-31047
-30898
-30750
-30604
-30461
-30319
-30177
-30026
-29864
-29689
-29501
-29298
-29090
-28879
-28668
-28459
-28253
-28049
-27846
-27636
-27417
-27185
-26940
-26682
-26418
-26149
-25880
-25613
-25349
-25088
-24829
-24565
-24294
-24012
-23717
-23409
-23095
-22775
-22455
-22136
-21821
-21510
-21201
-20890
-20573
-20247
-19910
-19560
-19203
-18841
-18477
-18115
-17756
-17402
-17051
-16700
-16346
-15984
-15612
-15228
-14838
-14442
-14044
-13647
-13253
-12865
-12481
-12099
-11715
-11326
-10929
-10522
-10108
-9688
-9265
-8843
-8424
-8011
-7604
-7200
-6797
-6390
-5978
-5557
-5129
-4695
-4258
-3821
-3388
-2961
-2539
-2124
-1711
-1297
-879
-454
-23
414
854
1295
1732
2163
2588
3005
3417
3828
4241
4659
5083
5512
5945
6379
6809
7234
7651
8060
8461
8859
9257
9658
10064
10475
10890
11305
11718
12126
12526
12916
13297
13672
14045
14418
14796
15179
15566
15954
16339
16719
17093
17454
17805
18148
18486
18824
19165
19510
19858
20209
20557
20901
21238
21562
21874
22177
22473
22766
23061
23360
23662
23967
24270
24568
24861
25139
25406
25660
25907
26148
26390
26636
26884
27135
27385
27631
27871
28098
28311
28512
28703
28886
29070
29255
29444
29634
29825
30013
30195
30365
30520
30661
30791
30912
31033
31154
31278
31404
31531
31656
31776
31883
31977
32055
32122
32178
32232
32286
32342
32401
32461
32519
32574
32617
32646
32660
32661
32651
32637
32623
32610
32600
32591
32582
32571
32548
32512
32461
32397
32320
32239
32157
32075
31996
31919
31843
31765
31677
31577
31463
31335
31193
31047
30898
30750
30604
30461
30319
30177
30026
29864
29689
29501
29298
29090
28879
28668
28459
28253
28049
27846
27636
27417
27185
26940
26682
26418
26149
25880
25613
25349
25088
24829
24565
24294
24012
23717
23409
23095
22775
22455
22136
21821
21510
21201
20890
20573
20247
19910
19560
19203
18841
18477
18115
17756
17402
17051
16700
16346
15984
15612
15228
14838
14442
14044
13647
13253
12865
12481
12099
11715
11326
10929
10522
10108
9688
9265
8843
8424
8011
7604
7200
6797
6390
5978
5557
5129
4695
4258
3821
3388
2961
2539
2124
1711
1297
879
454
23
-414
-854
-1295
-1732
-2163
-2588
-3005
-3417
-3828
-4241
-4659
-5083
-5512
-5945
-6379
-6809
-7234
-7651
-8060
-8461
-8859
-9257
-9658
-10064
-10475
-10890
-11305
-11718
-12126
-12526
-12916
-13297
-13672
-14045
-14418
-14796
-15179
-15566
-15954
-16339
-16719
-17093
-17454
-17805
-18148
-18486
-18824
-19165
-19510
-19858
-20209
-20557
-20901
-21238
-21562
-21874
-22177
-22473
-22766
-23061
-23360
-23662
-23967
-24270
-24568
-24861
-25139
-25406
-25660
-25907
-26148
-26390
-26636
-26884
-27135
-27385
-27631
-27871
-28098
-28311
-28512
-28703
-28886
-29070
-29255
-29444
-29634
-29825
-30013
-30195
-30365
-30520
-30661
-30791
-30912
-31033
-31154
-31278
-31404
-31531
-31656
-31776
-31883
-31977
-32055
-32122
-32178
-32232
-32286
-32342
-32401
-32461
-32519
-32574
-32617
-32646
-32660
-32661
-32651
-32637
-32623
-32610
-32600
-32591
-32582
-32571
-32548
-32512
-32461
-32397
-32320
-32239
-32157
-32075
-31996
-31919
-31843
-31765
-31677
-31577
-31463
-31335
-31193
-31047
-30898
-30750
-30604
-30461
-30319
-30177
-30026
-29864
-29689
-29501
-29298
-29090
-28879
-28668
-28459
-28253
-28049
-27846
-27636
-27417
-27185
-26940
-26682
-26418
-26149
-25880
-25613
-25349
-25088
-24829
-24565
-24294
-24012
-23717
-23409
-23095
-22775
-22455
-22136
-21821
-21510
-21201
-20890
-20573
-20247
-19910
-19560
-19203
-18841
-18477
-18115
-17756
-17402
-17051
-16700
-16346
-15984
-15612
-15228
-14838
-14442
-14044
-13647
-13253
-12865
-12481
-12099
-11715
-11326
-10929
-10522
-10108
-9688
-9265
-8843
-8424
-8011
-7604
-7200
-6797
-6390
-5978
-5557
-5129
-4695
-4258
-3821
-3388
-2961
-2539
-2124
-1711
-1297
-879
-454
-23
414
854
1295
1732
2163
2588
3005
3417
3828
4241
4659
5083
5512
5945
6379
6809
7234
7651
8060
8461
8859
9257
9658
10064
10475
10890
11305
11718
12126
12526
12916
13297
13672
14045
14418
14796
15179
15566
15954
16339
16719
17093
17454
17805
18148
18486
18824
19165
19510
19858
20209
20557
20901
21238
21562
21874
22177
22473
22766
23061
23360
23662
23967
24270
24568
24861
25139
25406
25660
25907
26148
26390
26636
26884
27135
27385
27631
27871
28098
28311
28512
28703
28886
29070
29255
29444
29634
29825
30013
30195
30365
30520
30661
30791
30912
31033
31154
31278
31404
31531
31656
31776
31883
31977
32055
32122
32178
32232
32286
32342
32401
32461
32519
32574
32617
32646
32660
32661
32651
32637
32623
32610
32600
32591
32582
32571
32548
32512
32461
32397
32320
32239
32157
32075
31996
31919
31843
31765
31677
31577
31463
31335
31193
31047
30898
30750
30604
30461
30319
30177
30026
29864
29689
29501
29298
29090
28879
28668
28459
28253
28049
27846
27636
27417
27185
26940
26682
26418
26149
25880
25613
25349
25088
24829
24565
24294
24012
23717
23409
23095
22775
22455
22136
21821
21510
21201
20890
20573
20247
19910
19560
19203
18841
18477
18115
17756
17402
17051
16700
16346
15984
15612
15228
14838
14442
14044
13647
13253
12865
12481
12099
11715
11326
10929
10522
10108
9688
9265
8843
8424
8011
7604
7200
6797
6390
5978
5557
5129
4695
4258
3821
3388
2961
2539
2124
1711
1297
879
454
23
-414
-854
-1295
-1732
-2163
-2588
-3005
-3417
-3828
-4241
-4659
-5083
-5512
-5945
-6379
-6809
-7234
-7651
-8060
-8461
-8859
-9257
-9658
-10064
-10475
-10890
-11305
-11718
-12126
-12526
-12916
-13297
-13672
-14045
-14418
-14796
-15179
-15566
-15954
-16339
-16719
-17093
-17454
-17805
-18148
-18486
-18824
-19165
-19510
-19858
-20209
-20557
-20901
-21238
-21562
-21874
-22177
-22473
-22766
-23061
-23360
-23662
-23967
-24270
-24568
-24861
-25139
-25406
-25660
-25907
-26148
-26390
-26636
-26884
-27135
-27385
-27631
-27871
-28098
-28311
-28512
-28703
-28886
-29070
-29255
-29444
-29634
-29825
-30013
-30195
-30365
-30520
-30661
-30791
-30912
-31033
-31154
-31278
-31404
-31531
-31656
-31776
-31883
-31977
-32055
-32122
-32178
-32232
-32286
-32342
-32401
-32461
-32519
-32574
-32617
-32646
-32660
-32661
-32651
-32637
-32623
-32610
-32600
-32591
-32582
-32571
-32548
-32512
-32461
-32397
-32320
-32239
-32157
-32075
-31996
-31919
-31843
-31765
-31677
-31577
-31463
-31335
-31193
-31047
-30898
-30750
-30604
-30461
-30319
-30177
-30026
-29864
-29689
-29501
-29298
-29090
-28879
-28668
-28459
-28253
-28049
-27846
-27636
-27417
-27185
-26940
-26682
-26418
-26149
-25880
-25613
-25349
-25088
-24829
-24565
-24294
-24012
-23717
-23409
-23095
-22775
-22455
-22136
-21821
-21510
-21201
-20890
-20573
-20247
-19910
-19560
-19203
-18841
-18477
-18115
-17756
-17402
-17051
-16700
-16346
-15984
-15612
-15228
-14838
-14442
-14044
-13647
-13253
-12865
-12481
-12099
-11715
-11326
-10929
-10522
-10108
-9688
-9265
-8843
-8424
-8011
-7604
-7200
-6797
-6390
-5978
-5557
-5129
-4695
-4258
-3821
-3388
-2961
-2539
-2124
-1711
-1297
-879
-454
-23
414
854
1295
1732
2163
2588
3005
3417
3828
4241
4659
5083
5512
5945
6379
6809
7234
7651
8060
8461
8859
9257
9658
10064
10475
10890
11305
11718
12126
12526
12916
13297
13672
14045
14418
14796
15179
15566
15954
16339
16719
17093
17454
17805
18148
18486
18824
19165
19510
19858
20209
20557
20901
21238
21562
21874
22177
22473
22766
23061
23360
23662
23967
24270
24568
24861
25139
25406
25660
25907
26148
26390
26636
26884
27135
27385
27631
27871
28098
28311
28512
28703
28886
29070
29255
29444
29634
29825
30013
30195
30365
30520
30661
30791
30912
31033
31154
31278
31404
31531
31656
31776
31883
31977
32055
32122
32178
32232
32286
32342
32401
32461
32519
32574
32617
32646
32660
32661
32651
32637
32623
32610
32600
32591
32582
32571
32548
32512
32461
32397
32320
32239
32157
32075
31996
31919
31843
31765
31677
31577
31463
31335
31193
31047
30898
30750
30604
30461
30319
30177
30026
29864
29689
29501
29298
29090
28879
28668
28459
28253
28049
27846
27636
27417
27185
26940
26682
26418
26149
25880
25613
25349
25088
24829
24565
24294
24012
23717
23409
23095
22775
22455
22136
21821
21510
21201
20890
20573
20247
19910
19560
19203
18841
18477
18115
17756
17402
17051
16700
16346
15984
15612
15228
14838
14442
14044
13647
13253
12865
12481
12099
11715
11326
10929
10522
10108
9688
9265
8843
8424
8011
7604
7200
6797
6390
5978
5557
5129
4695
4258
3821
3388
2961
2539
2124
1711
1297
879
454
23
-414
-854
-1295
-1732
-2163
-2588
-3005
-3417
-3828
-4241
-4659
-5083
-5512
-5945
-6379
-6809
-7234
-7651
-8060
-8461
-8859
-9257
-9658
-10064
-10475
-10890
-11305
-11718
-12126
-12526
-12916
-13297
-13672
-14045
-14418
-14796
-15179
-15566
-15954
-16339
-16719
-17093
-17454
-17805
-18148
-18486
-18824
-19165
-19510
-19858
-20209
-20557
-20901
-21238
-21562
-21874
-22177
-22473
-22766
-23061
-23360
-23662
-23967
-24270
-24568
-24861
-25139
-25406
-25660
-25907
-26148
-26390
-26636
-26884
-27135
-27385
-27631
-27871
-28098
-28311
-28512
-28703
-28886
-29070
-29255
-29444
-29634
-29825
-30013
-30195
-30365
-30520
-30661
-30791
-30912
-31033
-31154
-31278
-31404
-31531
-31656
-31776
-31883
-31977
-32055
-32122
-32178
-32232
-32286
-32342
-32401
-32461
-32519
-32574
-32617
-32646
-32660
-32661
-32651
-32637
-32623
-32610
-32600
-32591
-32582
-32571
-32548
-32512
-32461
-32397
-32320
-32239
-32157
-32075
-31996
-31919
-31843
-31765
-31677
-31577
-31463
-31335
-31193
-31047
-30898
-30750
-30604
-30461
-30319
-30177
-30026
-29864
-29689
-29501
-29298
-29090
-28879
-28668
-28459
-28253
-28049
-27846
-27636
-27417
-27185
-26940
-26682
-26418
-26149
-25880
-25613
-25349
-25088
-24829
-24565
-24294
-24012
-23717
-23409
-23095
-22775
-22455
-22136
-21821
-21510
-21201
-20890
-20573
-20247
-19910
-19560
-19203
-18841
-18477
-18115
-17756
-17402
-17051
-16700
-16346
-15984
-15612
-15228
-14838
-14442
-14044
-13647
-13253
-12865
-12481
-12099
-11715
-11326
-10929
-10522
-10108
-9688
-9265
-8843
-8424
-8011
-7604
-7200
-6797
-6390
-5978
-5557
-5129
-4695
-4258
-3821
-3388
-2961
-2539
-2124
-1711
-1297
-879
-454
-23
414
854
1295
1732
2163
2588
3005
3417
3828
4241
4659
5083
5512
5945
6379
6809
7234
7651
8060
8461
8859
9257
9658
10064
10475
10890
11305
11718
12126
12526
12916
13297
13672
14045
14418
14796
15179
15566
15954
16339
16719
17093
17454
17805
18148
18486
18824
19165
19510
19858
20209
20557
20901
21238
21562
21874
22177
22473
22766
23061
23360
23662
23967
24270
24568
24861
25139
25406
25660
25907
26148
26390
26636
26884
27135
27385
27631
27871
28098
28311
28512
28703
28886
29070
29255
29444
29634
29825
30013
30195
30365
30520
30661
30791
30912
31033
31154
31278
31404
31531
31656
31776
31883
31977
32055
32122
32178
32232
32286
32342
32401
32461
32519
32574
32617
32646
32660
32661
32651
32637
32623
32610
32600
32591
32582
32571
32548
32512
32461
32397
32320
32239
32157
32075
31996
31919
31843
31765
31677
31577
31463
31335
31193
31047
30898
30750
30604
30461
30319
30177
30026
29864
29689
29501
29298
29090
28879
28668
28459
28253
28049
27846
27636
27417
27185
26940
26682
26418
26149
25880
25613
25349
25088
24829
24565
24294
24012
23717
23409
23095
22775
22455
22136
21821
21510
21201
20890
20573
20247
19910
19560
19203
18841
18477
18115
17756
17402
17051
16700
16346
15984
15612
15228
14838
14442
14044
13647
13253
12865
12481
12099
11715
11326
10929
10522
10108
9688
9265
8843
8424
8011
7604
7200
6797
6390
5978
5557
5129
4695
4258
3821
3388
2961
2539
2124
1711
1297
879
454
23
-414
-854
-1295
-1732
-2163
-2588
-3005
-3417
-3828
-4241
-4659
-5083
-5512
-5945
-6379
-6809
-7234
-7651
-8060
-8461
-8859
-9257
-9658
-10064
-10475
-10890
-11305
-11718
-12126
-12526
-12916
-13297
-13672
-14045
-14418
-14796
-15179
-15566
-15954
-16339
-16719
-17093
-17454
-17805
-18148
-18486
-18824
-19165
-19510
-19858
-20209
-20557
-20901
-21238
-21562
-21874
-22177
-22473
-22766
-23061
-23360
-23662
-23967
-24270
-24568
-24861
-25139
-25406
-25660
-25907
-26148
-26390
-26636
-26884
-27135
-27385
-27631
-27871
-28098
-28311
-28512
-28703
-28886
-29070
-29255
-29444
-29634
-29825
-30013
-30195
-30365
-30520
-30661
-30791
-30912
-31033
-31154
-31278
-31404
-31531
-31656
-31776
-31883
-31977
-32055
-32122
-32178
-32232
-32286
-32342
-32401
-32461
-32519
-32574
